7.00
2.00
15.00
10.00
14.00
11.00
12.00
19.00
10.00
11.00
8.00
7.00
14.00
13.00
10.00
6.00
10.00
16.00
18.00
13.00
19.00
10.00
19.00
16.00
14.00
22.00
13.00
12.00
12.00
13.00
12.00
6.00
12.00
16.00
15.00
15.00
24.00
15.00
15.00
13.00
13.00
16.00
12.00
11.00
10.00
12.00
10.00
15.00
11.00
7.00
11.00
11.00
16.00
19.00
23.00
12.00
18.00
12.00
18.00
17.00
23.00
3.00
14.00
13.00
14.00
12.00
17.00
14.00
21.00
23.00
24.00
10.00
6.00
20.00
14.00
18.00
12.00
17.00
21.00
16.00
12.00
17.00
15.00
12.00
19.00
26.00
22.00
17.00
10.00
18.00
18.00
24.00
15.00
16.00
14.00
17.00
25.00
26.00
21.00
14.00
11.00
32.00
7.00
12.00
14.00
19.00
27.00
15.00
7.00
17.00
20.00
18.00
17.00
10.00
2.00
9.00
13.00
18.00
12.00
13.00
15.00
8.00
16.00
16.00
19.00
12.00
16.00
13.00
8.00
17.00
15.00
10.00
17.00
13.00
12.00
15.00
15.00
20.00
19.00
15.00
25.00
14.00
12.00
13.00
8.00
19.00
14.00
12.00
11.00
15.00
8.00
12.00
15.00
8.00
16.00
20.00
14.00
16.00
15.00
16.00
17.00
8.00
11.00
21.00
13.00
11.00
11.00
13.00
24.00
8.00
15.00
6.00
18.00
15.00
10.00
17.00
21.00
7.00
8.00
21.00
12.00
17.00
29.00
25.00
12.00
11.00
18.00
19.00
12.00
10.00
10.00
22.00
17.00
12.00
13.00
17.00
12.00
19.00
9.00
20.00
17.00
10.00
25.00
19.00
13.00
7.00
15.00
20.00
9.00
11.00
12.00
14.00
27.00
20.00
19.00
14.00
16.00
20.00
25.00
19.00
17.00
20.00
10.00
12.00
19.00
8.00
10.00
11.00
8.00
20.00
14.00
24.00
10.00
20.00
12.00
21.00
17.00
9.00
11.00
14.00
14.00
11.00
16.00
9.00
15.00
10.00
9.00
17.00
11.00
19.00
13.00
41.00
15.00
22.00
7.00
22.00
10.00
9.00
15.00
22.00
21.00
11.00
17.00
4.00
15.00
28.00
13.00
14.00
13.00
15.00
12.00
7.00
16.00
19.00
10.00
16.00
8.00
19.00
9.00
18.00
17.00
12.00
9.00
14.00
16.00
6.00
13.00
11.00
18.00
9.00
17.00
23.00
26.00
13.00
12.00
15.00
20.00
15.00
11.00
15.00
12.00
13.00
11.00
12.00
14.00
20.00
10.00
18.00
11.00
23.00
12.00
16.00
21.00
10.00
21.00
21.00
7.00
11.00
10.00
15.00
15.00
14.00
16.00
10.00
12.00
15.00
11.00
17.00
14.00
25.00
18.00
12.00
13.00
19.00
20.00
18.00
14.00
26.00
9.00
6.00
6.00
20.00
15.00
20.00
15.00
16.00
13.00
13.00
16.00
19.00
20.00
26.00
13.00
18.00
14.00
36.00
11.00
13.00
11.00
15.00
7.00
14.00
13.00
14.00
22.00
21.00
10.00
19.00
13.00
14.00
16.00
9.00
11.00
11.00
19.00
21.00
19.00
15.00
11.00
21.00
19.00
10.00
8.00
15.00
16.00
18.00
19.00
6.00
9.00
15.00
17.00
8.00
6.00
11.00
14.00
15.00
9.00
17.00
10.00
7.00
18.00
19.00
14.00
9.00
11.00
13.00
7.00
16.00
7.00
14.00
13.00
10.00
13.00
16.00
17.00
17.00
17.00
24.00
11.00
14.00
19.00
19.00
15.00
11.00
11.00
9.00
11.00
25.00
10.00
17.00
17.00
19.00
17.00
18.00
10.00
13.00
18.00
16.00
13.00
7.00
19.00
12.00
14.00
9.00
11.00
20.00
13.00
12.00
15.00
12.00
17.00
12.00
15.00
13.00
7.00
4.00
21.00
10.00
19.00
5.00
17.00
15.00
13.00
15.00
13.00
10.00
12.00
21.00
15.00
18.00
16.00
17.00
17.00
22.00
6.00
6.00
11.00
14.00
5.00
14.00
19.00
9.00
16.00
17.00
11.00
12.00
14.00
16.00
25.00
20.00
6.00
8.00
26.00
12.00
11.00
15.00
13.00
9.00
19.00
12.00
11.00
6.00
12.00
27.00
13.00
9.00
9.00
16.00
11.00
13.00
18.00
19.00
14.00
17.00
24.00
15.00
20.00
10.00
8.00
8.00
10.00
15.00
11.00
16.00
23.00
5.00
15.00
12.00
16.00
8.00
17.00
14.00
10.00
9.00
15.00
12.00
11.00
14.00
29.00
17.00
17.00
9.00
16.00
20.00
12.00
8.00
12.00
18.00
11.00
9.00
14.00
12.00
23.00
11.00
14.00
24.00
16.00
18.00
15.00
19.00
7.00
14.00
14.00
13.00
20.00
7.00
17.00
19.00
14.00
13.00
14.00
32.00
15.00
12.00
10.00
26.00
23.00
19.00
8.00
11.00
9.00
11.00
11.00
13.00
16.00
17.00
11.00
15.00
20.00
11.00
19.00
9.00
18.00
12.00
8.00
17.00
19.00
16.00
15.00
10.00
14.00
16.00
8.00
11.00
11.00
14.00
16.00
19.00
16.00
14.00
21.00
7.00
25.00
39.00
19.00
15.00
7.00
14.00
17.00
15.00
8.00
20.00
16.00
13.00
12.00
8.00
13.00
11.00
17.00
15.00
9.00
5.00
14.00
23.00
22.00
10.00
11.00
17.00
9.00
7.00
22.00
10.00
21.00
23.00
21.00
12.00
18.00
19.00
12.00
17.00
11.00
11.00
10.00
14.00
22.00
15.00
31.00
12.00
13.00
9.00
15.00
13.00
8.00
7.00
18.00
6.00
12.00
17.00
11.00
13.00
10.00
14.00
10.00
16.00
17.00
11.00
9.00
16.00
16.00
12.00
10.00
15.00
11.00
16.00
22.00
11.00
15.00
6.00
14.00
16.00
8.00
17.00
12.00
15.00
7.00
20.00
13.00
19.00
13.00
13.00
24.00
16.00
12.00
19.00
10.00
11.00
22.00
21.00
20.00
18.00
13.00
15.00
15.00
10.00
20.00
9.00
16.00
10.00
13.00
15.00
12.00
9.00
21.00
14.00
15.00
13.00
6.00
10.00
17.00
10.00
20.00
7.00
18.00
12.00
26.00
12.00
17.00
5.00
17.00
13.00
14.00
10.00
11.00
15.00
9.00
7.00
7.00
9.00
14.00
15.00
20.00
7.00
19.00
14.00
16.00
13.00
26.00
7.00
22.00
10.00
13.00
19.00
15.00
9.00
3.00
15.00
16.00
16.00
13.00
11.00
12.00
6.00
14.00
8.00
10.00
14.00
7.00
11.00
14.00
23.00
4.00
19.00
11.00
21.00
14.00
17.00
11.00
10.00
8.00
9.00
8.00
5.00
15.00
7.00
8.00
5.00
14.00
14.00
6.00
12.00
