13.00
5.00
1.00
2.00
11.00
12.00
37.00
14.00
5.00
4.00
4.00
38.00
9.00
23.00
5.00
18.00
14.00
6.00
8.00
4.00
3.00
13.00
23.00
15.00
16.00
33.00
9.00
12.00
10.00
10.00
6.00
5.00
14.00
11.00
18.00
4.00
6.00
20.00
16.00
7.00
10.00
16.00
7.00
14.00
6.00
7.00
7.00
5.00
17.00
15.00
8.00
6.00
11.00
13.00
12.00
21.00
8.00
7.00
10.00
6.00
5.00
6.00
5.00
7.00
23.00
9.00
9.00
7.00
8.00
10.00
5.00
3.00
10.00
16.00
13.00
5.00
11.00
26.00
16.00
8.00
13.00
18.00
10.00
11.00
12.00
14.00
6.00
5.00
12.00
8.00
3.00
16.00
20.00
9.00
7.00
9.00
13.00
11.00
4.00
11.00
6.00
6.00
7.00
8.00
7.00
21.00
8.00
9.00
13.00
11.00
14.00
11.00
7.00
7.00
38.00
13.00
6.00
2.00
15.00
7.00
5.00
9.00
12.00
17.00
15.00
7.00
12.00
7.00
8.00
4.00
16.00
20.00
11.00
21.00
7.00
12.00
9.00
12.00
10.00
9.00
15.00
9.00
16.00
15.00
6.00
5.00
13.00
5.00
10.00
17.00
5.00
2.00
6.00
9.00
13.00
9.00
7.00
17.00
9.00
7.00
4.00
13.00
13.00
6.00
15.00
6.00
7.00
11.00
5.00
6.00
4.00
10.00
9.00
12.00
35.00
12.00
4.00
6.00
8.00
12.00
12.00
7.00
12.00
7.00
9.00
5.00
23.00
4.00
14.00
10.00
15.00
9.00
6.00
14.00
14.00
6.00
5.00
8.00
9.00
13.00
15.00
8.00
15.00
9.00
7.00
11.00
5.00
8.00
6.00
6.00
17.00
7.00
4.00
15.00
17.00
15.00
7.00
9.00
9.00
8.00
10.00
12.00
11.00
6.00
6.00
14.00
6.00
9.00
2.00
18.00
6.00
15.00
5.00
7.00
10.00
7.00
9.00
8.00
12.00
7.00
9.00
10.00
18.00
7.00
14.00
9.00
26.00
3.00
14.00
11.00
12.00
9.00
11.00
5.00
11.00
10.00
16.00
7.00
3.00
30.00
7.00
6.00
7.00
2.00
16.00
8.00
8.00
13.00
7.00
3.00
6.00
10.00
9.00
8.00
5.00
6.00
8.00
5.00
7.00
9.00
14.00
7.00
29.00
11.00
7.00
6.00
5.00
6.00
24.00
4.00
11.00
24.00
11.00
15.00
17.00
15.00
7.00
8.00
6.00
10.00
6.00
8.00
6.00
13.00
9.00
6.00
7.00
20.00
9.00
13.00
11.00
6.00
16.00
9.00
11.00
6.00
20.00
7.00
13.00
7.00
9.00
11.00
12.00
7.00
12.00
3.00
5.00
13.00
9.00
9.00
7.00
7.00
6.00
5.00
5.00
5.00
15.00
9.00
7.00
12.00
3.00
9.00
7.00
8.00
11.00
8.00
7.00
7.00
4.00
6.00
7.00
9.00
7.00
4.00
5.00
7.00
6.00
6.00
9.00
2.00
10.00
12.00
7.00
7.00
15.00
9.00
6.00
7.00
15.00
4.00
6.00
8.00
14.00
13.00
4.00
10.00
7.00
13.00
5.00
6.00
7.00
14.00
8.00
5.00
14.00
18.00
5.00
16.00
7.00
12.00
11.00
1.00
5.00
9.00
3.00
8.00
12.00
11.00
4.00
7.00
5.00
9.00
2.00
7.00
8.00
6.00
12.00
23.00
17.00
19.00
5.00
4.00
3.00
16.00
7.00
10.00
14.00
7.00
6.00
9.00
11.00
15.00
4.00
5.00
10.00
7.00
3.00
6.00
2.00
9.00
12.00
6.00
9.00
9.00
1.00
3.00
3.00
6.00
8.00
8.00
5.00
16.00
6.00
16.00
6.00
6.00
7.00
9.00
7.00
3.00
10.00
11.00
2.00
10.00
22.00
3.00
7.00
8.00
4.00
5.00
6.00
10.00
8.00
7.00
9.00
10.00
9.00
9.00
8.00
15.00
13.00
16.00
5.00
12.00
13.00
14.00
20.00
3.00
6.00
8.00
18.00
5.00
9.00
13.00
10.00
5.00
3.00
8.00
10.00
9.00
7.00
6.00
4.00
4.00
16.00
14.00
5.00
4.00
6.00
4.00
3.00
8.00
5.00
4.00
7.00
6.00
10.00
11.00
10.00
7.00
6.00
4.00
2.00
6.00
3.00
13.00
10.00
5.00
9.00
13.00
11.00
2.00
12.00
11.00
13.00
6.00
7.00
6.00
4.00
4.00
8.00
13.00
4.00
5.00
4.00
7.00
8.00
6.00
7.00
3.00
10.00
8.00
8.00
23.00
14.00
7.00
4.00
2.00
12.00
5.00
4.00
8.00
11.00
5.00
3.00
3.00
5.00
6.00
8.00
3.00
15.00
19.00
15.00
8.00
12.00
7.00
6.00
6.00
13.00
3.00
2.00
5.00
6.00
8.00
5.00
12.00
9.00
15.00
7.00
5.00
6.00
17.00
9.00
12.00
10.00
5.00
5.00
9.00
4.00
12.00
15.00
4.00
6.00
5.00
11.00
9.00
6.00
5.00
10.00
15.00
4.00
6.00
14.00
12.00
8.00
8.00
3.00
7.00
4.00
2.00
8.00
7.00
3.00
12.00
9.00
4.00
6.00
11.00
11.00
4.00
6.00
3.00
3.00
4.00
5.00
4.00
8.00
8.00
7.00
5.00
5.00
4.00
8.00
6.00
2.00
7.00
8.00
9.00
10.00
6.00
4.00
6.00
7.00
6.00
4.00
12.00
7.00
5.00
5.00
4.00
5.00
11.00
9.00
4.00
9.00
5.00
4.00
16.00
6.00
6.00
4.00
2.00
7.00
6.00
4.00
8.00
10.00
2.00
8.00
7.00
9.00
3.00
8.00
8.00
4.00
7.00
13.00
6.00
4.00
10.00
3.00
4.00
3.00
3.00
6.00
5.00
5.00
6.00
12.00
7.00
15.00
3.00
7.00
3.00
11.00
6.00
1.00
4.00
12.00
10.00
4.00
4.00
7.00
5.00
5.00
6.00
2.00
3.00
5.00
6.00
19.00
8.00
8.00
4.00
6.00
4.00
5.00
6.00
4.00
8.00
3.00
5.00
6.00
6.00
12.00
2.00
6.00
2.00
7.00
5.00
10.00
7.00
20.00
5.00
7.00
1.00
6.00
10.00
10.00
4.00
8.00
6.00
3.00
6.00
7.00
10.00
6.00
7.00
3.00
10.00
16.00
4.00
4.00
6.00
3.00
4.00
5.00
4.00
4.00
6.00
7.00
4.00
2.00
8.00
3.00
8.00
5.00
4.00
5.00
8.00
6.00
12.00
8.00
6.00
5.00
4.00
2.00
6.00
10.00
5.00
4.00
5.00
8.00
5.00
9.00
4.00
3.00
2.00
7.00
7.00
7.00
7.00
2.00
7.00
2.00
5.00
7.00
4.00
10.00
3.00
