9.00
10.00
11.00
13.00
31.00
24.00
11.00
18.00
9.00
21.00
19.00
24.00
24.00
18.00
20.00
15.00
20.00
22.00
21.00
31.00
5.00
27.00
28.00
12.00
26.00
16.00
23.00
17.00
13.00
12.00
23.00
17.00
9.00
16.00
21.00
27.00
19.00
27.00
14.00
15.00
12.00
8.00
22.00
31.00
31.00
24.00
36.00
23.00
33.00
16.00
10.00
24.00
18.00
21.00
13.00
22.00
18.00
15.00
15.00
34.00
26.00
15.00
13.00
34.00
36.00
17.00
11.00
16.00
23.00
12.00
21.00
18.00
21.00
18.00
18.00
17.00
24.00
20.00
16.00
28.00
20.00
8.00
25.00
17.00
27.00
27.00
26.00
27.00
17.00
17.00
26.00
21.00
23.00
23.00
16.00
17.00
35.00
22.00
25.00
13.00
15.00
23.00
28.00
26.00
19.00
26.00
13.00
20.00
22.00
31.00
24.00
22.00
20.00
12.00
12.00
16.00
12.00
24.00
15.00
10.00
39.00
27.00
16.00
18.00
28.00
12.00
20.00
12.00
14.00
22.00
32.00
19.00
24.00
28.00
14.00
35.00
13.00
22.00
16.00
22.00
13.00
21.00
15.00
18.00
17.00
15.00
26.00
28.00
34.00
13.00
20.00
7.00
20.00
19.00
19.00
21.00
9.00
23.00
18.00
15.00
15.00
19.00
18.00
23.00
22.00
7.00
16.00
23.00
15.00
18.00
15.00
21.00
11.00
28.00
21.00
13.00
30.00
30.00
14.00
21.00
11.00
44.00
13.00
21.00
17.00
13.00
25.00
25.00
21.00
13.00
28.00
44.00
20.00
26.00
10.00
16.00
21.00
16.00
17.00
17.00
15.00
17.00
31.00
25.00
24.00
10.00
29.00
15.00
24.00
33.00
20.00
20.00
26.00
9.00
17.00
17.00
34.00
18.00
12.00
24.00
19.00
13.00
26.00
13.00
19.00
32.00
17.00
16.00
26.00
17.00
17.00
14.00
30.00
22.00
21.00
16.00
30.00
14.00
14.00
22.00
16.00
20.00
24.00
19.00
27.00
28.00
23.00
8.00
20.00
19.00
24.00
21.00
20.00
18.00
11.00
11.00
16.00
31.00
21.00
9.00
21.00
26.00
16.00
13.00
25.00
11.00
21.00
23.00
22.00
19.00
19.00
12.00
25.00
29.00
29.00
21.00
23.00
19.00
15.00
15.00
16.00
31.00
20.00
13.00
23.00
10.00
19.00
17.00
10.00
13.00
15.00
27.00
20.00
13.00
21.00
21.00
13.00
19.00
29.00
10.00
25.00
24.00
20.00
15.00
22.00
30.00
24.00
15.00
17.00
17.00
20.00
31.00
23.00
24.00
22.00
27.00
25.00
14.00
29.00
22.00
24.00
12.00
13.00
18.00
22.00
21.00
32.00
24.00
13.00
24.00
16.00
24.00
23.00
17.00
16.00
25.00
16.00
21.00
13.00
23.00
25.00
19.00
21.00
21.00
28.00
18.00
13.00
10.00
18.00
34.00
16.00
20.00
29.00
27.00
15.00
26.00
18.00
16.00
13.00
27.00
20.00
20.00
16.00
18.00
17.00
20.00
17.00
24.00
27.00
29.00
34.00
14.00
31.00
16.00
13.00
13.00
24.00
21.00
23.00
22.00
19.00
19.00
6.00
21.00
18.00
19.00
15.00
23.00
11.00
16.00
25.00
32.00
17.00
27.00
20.00
9.00
10.00
18.00
17.00
29.00
22.00
21.00
17.00
15.00
24.00
19.00
13.00
15.00
26.00
36.00
23.00
19.00
17.00
17.00
27.00
15.00
25.00
25.00
15.00
28.00
13.00
16.00
18.00
17.00
20.00
13.00
22.00
14.00
18.00
11.00
18.00
9.00
15.00
16.00
28.00
18.00
12.00
29.00
14.00
21.00
22.00
11.00
18.00
23.00
17.00
22.00
17.00
24.00
28.00
22.00
10.00
20.00
14.00
15.00
14.00
17.00
18.00
18.00
31.00
15.00
33.00
16.00
14.00
15.00
32.00
18.00
19.00
14.00
20.00
13.00
19.00
34.00
23.00
19.00
19.00
22.00
28.00
35.00
17.00
13.00
14.00
18.00
11.00
13.00
21.00
19.00
17.00
24.00
31.00
9.00
10.00
20.00
15.00
23.00
14.00
14.00
13.00
15.00
20.00
14.00
16.00
10.00
17.00
29.00
16.00
24.00
12.00
15.00
29.00
12.00
9.00
19.00
13.00
34.00
16.00
10.00
31.00
40.00
25.00
13.00
38.00
10.00
24.00
16.00
23.00
20.00
22.00
21.00
21.00
34.00
17.00
16.00
14.00
13.00
17.00
19.00
30.00
17.00
13.00
22.00
13.00
19.00
11.00
20.00
19.00
25.00
12.00
10.00
12.00
36.00
24.00
22.00
12.00
21.00
18.00
20.00
28.00
24.00
13.00
24.00
30.00
16.00
17.00
18.00
16.00
13.00
20.00
15.00
16.00
8.00
11.00
14.00
21.00
27.00
13.00
22.00
15.00
11.00
20.00
16.00
19.00
15.00
21.00
18.00
17.00
21.00
28.00
19.00
9.00
15.00
18.00
23.00
15.00
18.00
18.00
7.00
21.00
17.00
21.00
15.00
25.00
25.00
17.00
20.00
12.00
24.00
10.00
30.00
25.00
16.00
19.00
43.00
16.00
17.00
23.00
19.00
22.00
20.00
27.00
22.00
15.00
16.00
24.00
17.00
13.00
15.00
13.00
21.00
14.00
13.00
15.00
18.00
16.00
16.00
11.00
10.00
16.00
16.00
17.00
16.00
12.00
15.00
12.00
24.00
20.00
12.00
19.00
18.00
25.00
24.00
26.00
11.00
24.00
24.00
17.00
20.00
15.00
11.00
13.00
17.00
8.00
9.00
13.00
12.00
22.00
11.00
16.00
22.00
20.00
16.00
21.00
12.00
11.00
17.00
22.00
17.00
16.00
5.00
24.00
15.00
9.00
20.00
11.00
34.00
23.00
28.00
12.00
15.00
17.00
29.00
14.00
12.00
10.00
23.00
9.00
15.00
12.00
10.00
18.00
20.00
13.00
13.00
22.00
21.00
10.00
18.00
13.00
21.00
16.00
10.00
28.00
35.00
22.00
19.00
22.00
15.00
15.00
23.00
28.00
17.00
16.00
12.00
21.00
9.00
22.00
27.00
24.00
9.00
9.00
21.00
34.00
18.00
17.00
22.00
24.00
12.00
16.00
17.00
8.00
8.00
32.00
15.00
20.00
14.00
19.00
25.00
19.00
26.00
10.00
18.00
15.00
26.00
18.00
12.00
13.00
13.00
21.00
13.00
14.00
10.00
23.00
21.00
16.00
14.00
14.00
18.00
17.00
19.00
12.00
9.00
23.00
11.00
14.00
12.00
31.00
19.00
16.00
13.00
16.00
17.00
22.00
12.00
17.00
9.00
15.00
25.00
33.00
25.00
12.00
6.00
17.00
32.00
12.00
14.00
17.00
11.00
17.00
13.00
13.00
20.00
