23.00
43.00
18.00
42.00
10.00
11.00
34.00
28.00
27.00
20.00
21.00
17.00
23.00
26.00
20.00
40.00
25.00
19.00
18.00
34.00
21.00
19.00
26.00
60.00
18.00
17.00
25.00
26.00
39.00
14.00
22.00
28.00
17.00
27.00
24.00
18.00
32.00
12.00
19.00
19.00
15.00
27.00
21.00
35.00
26.00
20.00
26.00
41.00
15.00
25.00
21.00
19.00
16.00
18.00
37.00
28.00
13.00
33.00
19.00
22.00
30.00
38.00
25.00
20.00
20.00
20.00
11.00
32.00
20.00
16.00
17.00
27.00
52.00
30.00
22.00
21.00
32.00
57.00
42.00
17.00
19.00
22.00
26.00
33.00
38.00
23.00
28.00
29.00
19.00
18.00
23.00
22.00
33.00
10.00
17.00
24.00
15.00
31.00
13.00
27.00
21.00
22.00
13.00
19.00
31.00
31.00
27.00
25.00
12.00
12.00
39.00
70.00
22.00
16.00
11.00
10.00
25.00
38.00
29.00
22.00
13.00
23.00
15.00
20.00
21.00
43.00
32.00
16.00
11.00
61.00
12.00
35.00
26.00
25.00
6.00
36.00
33.00
30.00
11.00
24.00
9.00
20.00
29.00
46.00
13.00
16.00
27.00
20.00
18.00
29.00
16.00
21.00
30.00
29.00
21.00
39.00
15.00
18.00
23.00
29.00
15.00
24.00
24.00
14.00
20.00
24.00
15.00
8.00
16.00
12.00
20.00
12.00
47.00
40.00
32.00
30.00
11.00
25.00
27.00
20.00
28.00
22.00
20.00
25.00
14.00
35.00
18.00
32.00
26.00
21.00
39.00
17.00
16.00
23.00
38.00
37.00
19.00
24.00
39.00
34.00
20.00
41.00
15.00
36.00
31.00
43.00
14.00
25.00
12.00
25.00
35.00
19.00
49.00
58.00
34.00
14.00
32.00
18.00
15.00
28.00
14.00
27.00
30.00
32.00
20.00
12.00
27.00
34.00
36.00
11.00
24.00
33.00
30.00
25.00
18.00
25.00
19.00
14.00
19.00
15.00
21.00
14.00
22.00
24.00
27.00
22.00
28.00
20.00
43.00
24.00
28.00
17.00
24.00
16.00
34.00
26.00
23.00
20.00
17.00
24.00
7.00
25.00
22.00
23.00
24.00
31.00
43.00
26.00
15.00
6.00
28.00
21.00
19.00
15.00
25.00
12.00
28.00
29.00
14.00
21.00
15.00
17.00
20.00
17.00
15.00
28.00
26.00
13.00
10.00
25.00
60.00
31.00
27.00
18.00
16.00
18.00
29.00
25.00
11.00
13.00
18.00
10.00
33.00
8.00
20.00
33.00
25.00
15.00
39.00
28.00
25.00
21.00
25.00
31.00
15.00
48.00
34.00
25.00
26.00
24.00
29.00
12.00
55.00
28.00
20.00
19.00
52.00
25.00
27.00
43.00
37.00
29.00
25.00
22.00
21.00
14.00
17.00
29.00
31.00
25.00
9.00
14.00
12.00
43.00
16.00
30.00
18.00
22.00
20.00
16.00
22.00
28.00
20.00
41.00
24.00
36.00
27.00
30.00
19.00
33.00
24.00
25.00
22.00
19.00
22.00
28.00
27.00
17.00
25.00
34.00
52.00
28.00
23.00
19.00
23.00
24.00
10.00
19.00
25.00
32.00
17.00
24.00
22.00
17.00
21.00
20.00
39.00
35.00
18.00
21.00
13.00
15.00
18.00
20.00
28.00
15.00
25.00
23.00
9.00
31.00
25.00
14.00
27.00
42.00
27.00
23.00
62.00
9.00
23.00
17.00
16.00
12.00
26.00
28.00
24.00
14.00
23.00
10.00
21.00
27.00
47.00
27.00
14.00
17.00
18.00
35.00
22.00
42.00
24.00
44.00
11.00
21.00
18.00
16.00
13.00
13.00
35.00
24.00
30.00
17.00
42.00
35.00
16.00
37.00
22.00
21.00
26.00
30.00
45.00
22.00
17.00
24.00
18.00
24.00
50.00
18.00
26.00
17.00
24.00
30.00
19.00
14.00
12.00
12.00
22.00
27.00
19.00
20.00
26.00
23.00
34.00
26.00
20.00
10.00
19.00
33.00
22.00
45.00
59.00
25.00
18.00
22.00
26.00
28.00
18.00
16.00
17.00
21.00
15.00
16.00
23.00
32.00
34.00
12.00
17.00
17.00
17.00
16.00
11.00
15.00
21.00
7.00
19.00
15.00
17.00
15.00
19.00
16.00
20.00
24.00
34.00
38.00
31.00
29.00
32.00
17.00
21.00
26.00
8.00
19.00
19.00
19.00
13.00
19.00
27.00
28.00
21.00
22.00
29.00
13.00
21.00
18.00
13.00
26.00
17.00
28.00
20.00
34.00
20.00
28.00
20.00
18.00
18.00
11.00
18.00
11.00
16.00
35.00
38.00
26.00
21.00
17.00
20.00
17.00
17.00
14.00
16.00
12.00
16.00
42.00
9.00
22.00
21.00
25.00
34.00
17.00
24.00
20.00
24.00
17.00
17.00
30.00
11.00
20.00
22.00
16.00
24.00
27.00
29.00
13.00
14.00
15.00
17.00
17.00
33.00
16.00
25.00
14.00
37.00
8.00
24.00
29.00
29.00
24.00
15.00
18.00
17.00
18.00
24.00
10.00
18.00
14.00
23.00
20.00
22.00
16.00
52.00
21.00
27.00
16.00
23.00
35.00
28.00
13.00
14.00
31.00
16.00
15.00
11.00
39.00
25.00
23.00
31.00
14.00
19.00
30.00
24.00
41.00
30.00
18.00
25.00
29.00
16.00
22.00
13.00
36.00
9.00
25.00
21.00
31.00
28.00
23.00
21.00
21.00
17.00
19.00
24.00
44.00
14.00
11.00
18.00
21.00
34.00
15.00
16.00
23.00
21.00
29.00
18.00
26.00
31.00
15.00
21.00
28.00
27.00
27.00
27.00
23.00
25.00
17.00
32.00
34.00
17.00
37.00
19.00
19.00
27.00
8.00
18.00
16.00
27.00
18.00
24.00
24.00
19.00
15.00
32.00
26.00
17.00
11.00
24.00
24.00
15.00
16.00
20.00
17.00
16.00
22.00
12.00
20.00
12.00
25.00
34.00
11.00
22.00
33.00
18.00
31.00
19.00
25.00
16.00
17.00
13.00
19.00
17.00
41.00
12.00
24.00
22.00
21.00
16.00
26.00
20.00
17.00
30.00
23.00
44.00
14.00
28.00
16.00
18.00
16.00
19.00
44.00
19.00
32.00
29.00
28.00
26.00
19.00
18.00
33.00
12.00
27.00
21.00
10.00
25.00
32.00
19.00
16.00
20.00
12.00
23.00
11.00
28.00
12.00
28.00
29.00
7.00
43.00
18.00
25.00
18.00
27.00
15.00
34.00
33.00
34.00
21.00
14.00
8.00
27.00
27.00
16.00
4.00
9.00
21.00
16.00
18.00
29.00
32.00
20.00
21.00
28.00
24.00
18.00
27.00
14.00
14.00
28.00
26.00
12.00
26.00
23.00
15.00
19.00
19.00
23.00
37.00
17.00
