3.00
21.00
34.00
2.00
13.00
9.00
3.00
11.00
34.00
7.00
9.00
2.00
12.00
7.00
10.00
2.00
13.00
4.00
30.00
6.00
16.00
8.00
50.00
42.00
36.00
34.00
10.00
10.00
4.00
29.00
15.00
27.00
36.00
23.00
7.00
16.00
9.00
15.00
11.00
11.00
7.00
7.00
12.00
9.00
9.00
9.00
19.00
2.00
12.00
38.00
8.00
9.00
8.00
20.00
17.00
31.00
14.00
7.00
17.00
6.00
15.00
14.00
42.00
13.00
7.00
16.00
5.00
17.00
4.00
7.00
8.00
10.00
20.00
5.00
15.00
4.00
13.00
3.00
37.00
8.00
14.00
16.00
11.00
9.00
10.00
16.00
11.00
12.00
8.00
24.00
10.00
14.00
12.00
7.00
13.00
5.00
4.00
18.00
31.00
20.00
7.00
17.00
5.00
5.00
20.00
8.00
7.00
11.00
24.00
10.00
16.00
13.00
9.00
8.00
8.00
9.00
16.00
9.00
5.00
24.00
9.00
2.00
7.00
16.00
6.00
6.00
11.00
10.00
7.00
17.00
8.00
6.00
5.00
47.00
8.00
9.00
2.00
7.00
10.00
4.00
5.00
16.00
16.00
6.00
10.00
5.00
15.00
9.00
8.00
9.00
8.00
10.00
11.00
6.00
15.00
16.00
22.00
9.00
4.00
24.00
5.00
17.00
12.00
8.00
9.00
13.00
5.00
9.00
5.00
14.00
8.00
2.00
24.00
4.00
15.00
14.00
13.00
4.00
10.00
10.00
12.00
16.00
3.00
17.00
18.00
11.00
29.00
15.00
22.00
9.00
14.00
12.00
3.00
19.00
12.00
10.00
6.00
19.00
7.00
5.00
11.00
11.00
20.00
11.00
8.00
6.00
2.00
16.00
9.00
11.00
6.00
6.00
8.00
8.00
19.00
14.00
10.00
22.00
8.00
26.00
22.00
37.00
5.00
31.00
7.00
11.00
39.00
28.00
27.00
18.00
3.00
7.00
4.00
3.00
11.00
15.00
30.00
26.00
2.00
5.00
12.00
21.00
11.00
13.00
6.00
11.00
13.00
13.00
6.00
13.00
13.00
4.00
9.00
8.00
7.00
5.00
14.00
13.00
9.00
12.00
7.00
3.00
13.00
12.00
10.00
7.00
6.00
2.00
17.00
12.00
8.00
8.00
17.00
4.00
6.00
9.00
8.00
10.00
4.00
9.00
7.00
10.00
2.00
8.00
36.00
11.00
18.00
43.00
8.00
10.00
5.00
7.00
19.00
7.00
7.00
31.00
7.00
18.00
11.00
24.00
10.00
5.00
4.00
20.00
9.00
9.00
4.00
2.00
12.00
11.00
5.00
29.00
13.00
6.00
10.00
13.00
6.00
14.00
4.00
17.00
12.00
10.00
8.00
9.00
7.00
6.00
9.00
9.00
8.00
7.00
7.00
6.00
5.00
9.00
6.00
5.00
8.00
10.00
5.00
7.00
19.00
15.00
7.00
3.00
25.00
6.00
1.00
34.00
6.00
8.00
5.00
13.00
12.00
9.00
15.00
23.00
6.00
16.00
17.00
9.00
12.00
8.00
10.00
5.00
19.00
16.00
11.00
11.00
7.00
11.00
8.00
3.00
5.00
3.00
9.00
9.00
4.00
9.00
7.00
5.00
7.00
12.00
8.00
10.00
8.00
5.00
15.00
11.00
20.00
19.00
6.00
12.00
17.00
2.00
29.00
2.00
4.00
7.00
44.00
43.00
11.00
8.00
4.00
2.00
6.00
5.00
10.00
5.00
33.00
8.00
6.00
7.00
9.00
12.00
21.00
7.00
10.00
42.00
11.00
19.00
7.00
6.00
9.00
23.00
9.00
12.00
8.00
13.00
22.00
17.00
3.00
3.00
3.00
7.00
55.00
9.00
4.00
16.00
33.00
4.00
5.00
4.00
3.00
8.00
7.00
3.00
6.00
12.00
8.00
23.00
57.00
7.00
12.00
5.00
5.00
8.00
11.00
6.00
4.00
11.00
11.00
21.00
21.00
10.00
3.00
9.00
12.00
6.00
15.00
2.00
6.00
12.00
8.00
11.00
5.00
5.00
6.00
4.00
7.00
15.00
7.00
4.00
23.00
6.00
7.00
10.00
4.00
3.00
6.00
2.00
26.00
12.00
12.00
1.00
6.00
9.00
3.00
10.00
16.00
31.00
11.00
4.00
35.00
2.00
4.00
13.00
34.00
6.00
9.00
6.00
6.00
8.00
5.00
9.00
4.00
5.00
12.00
10.00
7.00
8.00
16.00
7.00
8.00
5.00
5.00
3.00
7.00
7.00
4.00
11.00
5.00
8.00
7.00
6.00
4.00
8.00
3.00
5.00
12.00
5.00
7.00
26.00
14.00
7.00
10.00
14.00
7.00
12.00
7.00
7.00
5.00
11.00
4.00
4.00
6.00
5.00
8.00
6.00
5.00
8.00
7.00
2.00
11.00
5.00
20.00
3.00
19.00
8.00
4.00
20.00
7.00
5.00
1.00
7.00
9.00
6.00
12.00
9.00
8.00
4.00
5.00
13.00
6.00
3.00
5.00
2.00
7.00
3.00
6.00
7.00
5.00
2.00
6.00
7.00
2.00
2.00
7.00
10.00
13.00
7.00
2.00
18.00
7.00
7.00
31.00
8.00
6.00
11.00
14.00
3.00
10.00
19.00
5.00
4.00
11.00
8.00
4.00
5.00
9.00
10.00
1.00
11.00
34.00
5.00
64.00
9.00
9.00
5.00
8.00
2.00
15.00
4.00
7.00
8.00
11.00
4.00
11.00
7.00
6.00
6.00
6.00
3.00
17.00
5.00
18.00
26.00
3.00
19.00
15.00
6.00
8.00
7.00
6.00
9.00
8.00
3.00
7.00
8.00
10.00
7.00
11.00
4.00
4.00
2.00
13.00
1.00
23.00
4.00
8.00
10.00
5.00
7.00
4.00
2.00
4.00
22.00
2.00
5.00
5.00
15.00
19.00
25.00
17.00
6.00
5.00
5.00
19.00
3.00
2.00
7.00
9.00
19.00
2.00
5.00
27.00
4.00
3.00
4.00
1.00
15.00
7.00
18.00
5.00
4.00
7.00
2.00
17.00
9.00
2.00
8.00
3.00
8.00
5.00
5.00
1.00
5.00
36.00
10.00
5.00
5.00
1.00
5.00
7.00
8.00
5.00
4.00
7.00
4.00
5.00
12.00
11.00
8.00
9.00
13.00
14.00
10.00
40.00
10.00
6.00
6.00
3.00
6.00
3.00
8.00
8.00
10.00
4.00
11.00
3.00
9.00
9.00
4.00
4.00
8.00
9.00
10.00
18.00
5.00
14.00
11.00
6.00
20.00
2.00
8.00
3.00
17.00
46.00
5.00
3.00
9.00
3.00
2.00
1.00
4.00
9.00
4.00
12.00
29.00
7.00
7.00
7.00
26.00
1.00
7.00
25.00
2.00
6.00
14.00
1.00
5.00
2.00
8.00
11.00
5.00
7.00
4.00
2.00
5.00
7.00
4.00
