24.00
8.00
12.00
11.00
18.00
9.00
13.00
33.00
6.00
13.00
14.00
13.00
26.00
5.00
10.00
17.00
25.00
26.00
13.00
18.00
9.00
15.00
20.00
32.00
12.00
14.00
12.00
30.00
10.00
10.00
27.00
14.00
5.00
8.00
9.00
22.00
22.00
28.00
27.00
10.00
7.00
7.00
6.00
8.00
9.00
14.00
13.00
14.00
17.00
13.00
24.00
17.00
8.00
29.00
25.00
12.00
7.00
13.00
18.00
17.00
9.00
18.00
8.00
9.00
16.00
14.00
18.00
30.00
9.00
13.00
6.00
13.00
32.00
8.00
9.00
11.00
18.00
14.00
17.00
26.00
19.00
24.00
21.00
22.00
16.00
10.00
17.00
12.00
27.00
15.00
35.00
6.00
20.00
19.00
27.00
15.00
14.00
12.00
17.00
9.00
14.00
8.00
12.00
11.00
24.00
16.00
9.00
11.00
14.00
21.00
16.00
6.00
17.00
10.00
25.00
12.00
20.00
13.00
12.00
16.00
14.00
22.00
43.00
11.00
17.00
14.00
16.00
12.00
47.00
9.00
8.00
15.00
15.00
18.00
17.00
26.00
9.00
18.00
9.00
11.00
13.00
11.00
15.00
9.00
20.00
17.00
13.00
18.00
9.00
19.00
22.00
17.00
16.00
16.00
21.00
15.00
14.00
12.00
13.00
17.00
24.00
19.00
11.00
7.00
20.00
11.00
11.00
16.00
19.00
12.00
14.00
18.00
26.00
16.00
12.00
13.00
24.00
12.00
10.00
10.00
12.00
27.00
12.00
8.00
18.00
15.00
11.00
7.00
7.00
11.00
12.00
14.00
8.00
20.00
9.00
13.00
14.00
33.00
22.00
16.00
13.00
18.00
15.00
13.00
18.00
15.00
11.00
17.00
26.00
14.00
10.00
29.00
9.00
27.00
27.00
14.00
15.00
18.00
14.00
8.00
16.00
20.00
16.00
16.00
14.00
27.00
27.00
10.00
16.00
18.00
15.00
13.00
24.00
16.00
12.00
13.00
16.00
14.00
17.00
7.00
17.00
24.00
28.00
20.00
9.00
17.00
13.00
13.00
18.00
39.00
14.00
23.00
12.00
13.00
15.00
19.00
19.00
15.00
34.00
21.00
13.00
15.00
15.00
22.00
21.00
15.00
29.00
13.00
13.00
13.00
15.00
11.00
29.00
25.00
8.00
16.00
16.00
21.00
12.00
26.00
14.00
12.00
9.00
9.00
16.00
11.00
11.00
25.00
20.00
19.00
7.00
11.00
14.00
17.00
7.00
8.00
8.00
11.00
18.00
21.00
12.00
15.00
13.00
32.00
10.00
17.00
12.00
16.00
12.00
13.00
10.00
19.00
13.00
8.00
9.00
10.00
21.00
17.00
14.00
13.00
19.00
21.00
13.00
14.00
14.00
18.00
18.00
8.00
8.00
20.00
13.00
19.00
10.00
17.00
17.00
32.00
13.00
13.00
26.00
20.00
12.00
11.00
9.00
18.00
10.00
20.00
28.00
6.00
38.00
15.00
9.00
7.00
20.00
15.00
18.00
20.00
20.00
24.00
14.00
9.00
26.00
11.00
19.00
8.00
12.00
11.00
7.00
7.00
15.00
8.00
16.00
11.00
21.00
18.00
11.00
12.00
18.00
27.00
23.00
13.00
19.00
13.00
9.00
16.00
15.00
18.00
14.00
15.00
10.00
5.00
15.00
19.00
12.00
10.00
24.00
20.00
6.00
11.00
15.00
22.00
12.00
6.00
17.00
19.00
34.00
11.00
3.00
28.00
13.00
29.00
27.00
10.00
8.00
15.00
15.00
10.00
11.00
11.00
16.00
11.00
13.00
13.00
15.00
5.00
14.00
5.00
24.00
7.00
20.00
12.00
12.00
21.00
22.00
12.00
16.00
16.00
16.00
13.00
12.00
15.00
36.00
20.00
19.00
11.00
17.00
8.00
13.00
13.00
14.00
13.00
13.00
11.00
6.00
7.00
13.00
12.00
14.00
13.00
12.00
14.00
7.00
16.00
21.00
9.00
9.00
12.00
18.00
19.00
11.00
18.00
7.00
6.00
9.00
16.00
5.00
27.00
10.00
12.00
9.00
26.00
13.00
12.00
10.00
13.00
15.00
22.00
13.00
15.00
8.00
11.00
16.00
36.00
8.00
24.00
12.00
12.00
9.00
15.00
10.00
19.00
18.00
17.00
14.00
15.00
20.00
10.00
13.00
16.00
15.00
8.00
18.00
18.00
6.00
12.00
16.00
46.00
54.00
13.00
27.00
12.00
16.00
16.00
18.00
9.00
26.00
4.00
16.00
15.00
19.00
16.00
22.00
19.00
17.00
11.00
9.00
20.00
10.00
14.00
16.00
7.00
21.00
11.00
22.00
21.00
10.00
9.00
7.00
8.00
19.00
8.00
15.00
11.00
12.00
19.00
8.00
17.00
19.00
9.00
7.00
15.00
17.00
24.00
9.00
12.00
10.00
17.00
17.00
12.00
12.00
12.00
10.00
26.00
13.00
21.00
12.00
17.00
12.00
30.00
14.00
20.00
12.00
16.00
19.00
8.00
25.00
19.00
8.00
8.00
23.00
4.00
18.00
24.00
10.00
11.00
21.00
13.00
15.00
29.00
11.00
8.00
11.00
13.00
16.00
13.00
9.00
16.00
16.00
17.00
16.00
12.00
14.00
11.00
13.00
25.00
23.00
16.00
28.00
8.00
12.00
18.00
14.00
21.00
12.00
11.00
20.00
9.00
10.00
11.00
15.00
59.00
12.00
13.00
13.00
13.00
22.00
7.00
10.00
10.00
13.00
13.00
10.00
10.00
19.00
20.00
14.00
15.00
19.00
6.00
11.00
13.00
14.00
12.00
10.00
12.00
8.00
12.00
7.00
16.00
25.00
17.00
8.00
14.00
20.00
11.00
8.00
17.00
5.00
5.00
10.00
26.00
19.00
7.00
11.00
5.00
15.00
14.00
14.00
20.00
10.00
14.00
15.00
11.00
11.00
15.00
7.00
12.00
30.00
17.00
16.00
9.00
11.00
8.00
12.00
12.00
13.00
5.00
10.00
10.00
8.00
8.00
16.00
17.00
6.00
15.00
19.00
18.00
15.00
16.00
12.00
4.00
9.00
10.00
17.00
15.00
14.00
21.00
15.00
22.00
14.00
20.00
8.00
13.00
9.00
4.00
7.00
7.00
17.00
15.00
14.00
15.00
9.00
10.00
19.00
11.00
11.00
9.00
13.00
14.00
16.00
9.00
13.00
13.00
13.00
6.00
22.00
9.00
11.00
11.00
7.00
9.00
12.00
12.00
7.00
8.00
12.00
13.00
9.00
12.00
17.00
10.00
10.00
16.00
9.00
9.00
10.00
5.00
15.00
10.00
13.00
12.00
12.00
13.00
10.00
4.00
16.00
16.00
9.00
11.00
12.00
10.00
15.00
18.00
8.00
8.00
8.00
14.00
16.00
7.00
13.00
3.00
9.00
12.00
27.00
14.00
17.00
13.00
8.00
8.00
11.00
14.00
