2.00
20.00
6.00
8.00
2.00
3.00
15.00
7.00
7.00
5.00
3.00
8.00
4.00
3.00
5.00
13.00
49.00
5.00
5.00
26.00
3.00
3.00
5.00
9.00
4.00
4.00
1.00
5.00
3.00
20.00
19.00
2.00
5.00
6.00
2.00
2.00
6.00
3.00
11.00
8.00
13.00
6.00
9.00
13.00
7.00
27.00
6.00
6.00
7.00
3.00
14.00
9.00
4.00
5.00
8.00
12.00
6.00
5.00
11.00
41.00
3.00
20.00
4.00
4.00
7.00
29.00
7.00
10.00
14.00
7.00
7.00
55.00
5.00
4.00
5.00
4.00
9.00
4.00
9.00
4.00
8.00
2.00
3.00
4.00
5.00
6.00
15.00
6.00
3.00
10.00
7.00
6.00
2.00
14.00
13.00
5.00
6.00
6.00
10.00
3.00
9.00
5.00
4.00
23.00
5.00
11.00
8.00
9.00
3.00
5.00
7.00
3.00
10.00
10.00
10.00
9.00
6.00
5.00
5.00
5.00
2.00
4.00
10.00
11.00
5.00
6.00
11.00
3.00
4.00
25.00
3.00
7.00
4.00
6.00
3.00
17.00
20.00
8.00
7.00
4.00
3.00
8.00
13.00
3.00
6.00
7.00
3.00
5.00
9.00
13.00
4.00
7.00
20.00
6.00
7.00
4.00
7.00
2.00
7.00
7.00
10.00
6.00
3.00
3.00
5.00
3.00
4.00
2.00
2.00
7.00
1.00
11.00
5.00
4.00
2.00
7.00
6.00
3.00
7.00
8.00
15.00
6.00
7.00
4.00
5.00
4.00
6.00
7.00
14.00
3.00
3.00
5.00
19.00
10.00
5.00
4.00
15.00
10.00
4.00
8.00
6.00
6.00
8.00
8.00
1.00
4.00
10.00
9.00
7.00
6.00
16.00
3.00
5.00
2.00
1.00
7.00
3.00
1.00
5.00
3.00
11.00
11.00
8.00
11.00
3.00
7.00
11.00
5.00
3.00
2.00
8.00
5.00
5.00
16.00
11.00
7.00
2.00
21.00
4.00
10.00
3.00
6.00
10.00
4.00
4.00
5.00
9.00
15.00
4.00
6.00
3.00
5.00
3.00
4.00
3.00
3.00
5.00
2.00
7.00
5.00
21.00
5.00
4.00
3.00
6.00
5.00
3.00
10.00
8.00
4.00
2.00
9.00
6.00
6.00
2.00
4.00
1.00
2.00
5.00
9.00
5.00
5.00
4.00
5.00
4.00
3.00
13.00
7.00
8.00
7.00
3.00
7.00
7.00
3.00
4.00
5.00
3.00
10.00
2.00
7.00
2.00
13.00
4.00
5.00
6.00
2.00
2.00
14.00
2.00
9.00
4.00
3.00
10.00
2.00
5.00
7.00
6.00
5.00
2.00
5.00
8.00
7.00
3.00
3.00
5.00
3.00
7.00
5.00
3.00
3.00
3.00
7.00
1.00
9.00
9.00
2.00
4.00
1.00
3.00
6.00
2.00
2.00
1.00
2.00
4.00
2.00
26.00
7.00
4.00
5.00
3.00
3.00
1.00
4.00
7.00
1.00
4.00
4.00
4.00
3.00
4.00
2.00
7.00
3.00
3.00
3.00
8.00
8.00
4.00
7.00
3.00
6.00
7.00
4.00
6.00
9.00
9.00
3.00
2.00
4.00
3.00
1.00
4.00
2.00
3.00
3.00
1.00
6.00
3.00
7.00
4.00
2.00
5.00
10.00
6.00
3.00
20.00
2.00
3.00
5.00
3.00
4.00
5.00
4.00
2.00
7.00
1.00
7.00
2.00
5.00
3.00
6.00
3.00
6.00
3.00
4.00
2.00
2.00
10.00
4.00
1.00
4.00
4.00
5.00
3.00
4.00
7.00
2.00
3.00
5.00
5.00
25.00
5.00
4.00
8.00
7.00
3.00
4.00
3.00
3.00
1.00
16.00
7.00
7.00
4.00
5.00
21.00
5.00
3.00
3.00
1.00
8.00
7.00
2.00
3.00
5.00
2.00
3.00
6.00
5.00
4.00
2.00
1.00
7.00
4.00
5.00
1.00
3.00
1.00
8.00
3.00
5.00
7.00
3.00
7.00
1.00
3.00
2.00
14.00
5.00
4.00
1.00
6.00
1.00
2.00
12.00
3.00
3.00
4.00
3.00
7.00
1.00
7.00
7.00
4.00
2.00
4.00
6.00
2.00
1.00
4.00
5.00
2.00
7.00
4.00
5.00
2.00
4.00
2.00
39.00
2.00
3.00
3.00
4.00
2.00
6.00
4.00
1.00
3.00
7.00
6.00
2.00
3.00
2.00
11.00
2.00
1.00
3.00
6.00
12.00
2.00
4.00
2.00
3.00
6.00
2.00
7.00
2.00
2.00
1.00
2.00
14.00
5.00
2.00
4.00
4.00
3.00
5.00
5.00
7.00
3.00
1.00
4.00
3.00
8.00
3.00
8.00
4.00
21.00
3.00
1.00
10.00
4.00
8.00
2.00
1.00
3.00
3.00
7.00
5.00
4.00
18.00
3.00
5.00
1.00
1.00
5.00
2.00
4.00
7.00
3.00
6.00
3.00
5.00
7.00
5.00
4.00
6.00
1.00
4.00
4.00
3.00
2.00
4.00
1.00
4.00
4.00
4.00
1.00
3.00
2.00
7.00
2.00
9.00
3.00
6.00
3.00
10.00
6.00
2.00
3.00
3.00
2.00
5.00
2.00
4.00
8.00
7.00
2.00
2.00
3.00
1.00
2.00
20.00
4.00
2.00
20.00
11.00
12.00
3.00
2.00
2.00
2.00
4.00
1.00
3.00
3.00
2.00
11.00
2.00
1.00
1.00
1.00
3.00
3.00
5.00
3.00
3.00
2.00
1.00
7.00
1.00
2.00
1.00
1.00
2.00
2.00
1.00
1.00
5.00
2.00
2.00
2.00
9.00
4.00
9.00
7.00
1.00
3.00
4.00
7.00
4.00
2.00
5.00
3.00
3.00
1.00
2.00
2.00
14.00
4.00
4.00
2.00
5.00
4.00
2.00
4.00
4.00
5.00
4.00
5.00
2.00
5.00
1.00
4.00
2.00
3.00
2.00
2.00
9.00
3.00
4.00
3.00
5.00
2.00
2.00
2.00
5.00
2.00
6.00
2.00
10.00
2.00
18.00
1.00
3.00
2.00
3.00
8.00
3.00
4.00
2.00
3.00
5.00
1.00
2.00
3.00
4.00
2.00
4.00
4.00
6.00
6.00
1.00
3.00
1.00
2.00
11.00
1.00
40.00
3.00
4.00
5.00
5.00
3.00
1.00
1.00
5.00
3.00
4.00
1.00
8.00
4.00
2.00
2.00
3.00
3.00
2.00
1.00
3.00
2.00
7.00
4.00
46.00
11.00
3.00
3.00
2.00
1.00
1.00
8.00
1.00
2.00
4.00
1.00
1.00
3.00
2.00
1.00
3.00
1.00
2.00
4.00
2.00
9.00
1.00
3.00
2.00
3.00
1.00
3.00
6.00
2.00
2.00
1.00
2.00
4.00
2.00
2.00
5.00
