7.00
12.00
6.00
2.00
45.00
6.00
9.00
6.00
28.00
19.00
7.00
3.00
7.00
10.00
8.00
7.00
5.00
5.00
14.00
3.00
13.00
6.00
1.00
12.00
12.00
9.00
5.00
8.00
21.00
6.00
2.00
12.00
22.00
7.00
2.00
7.00
6.00
11.00
10.00
14.00
22.00
6.00
12.00
7.00
17.00
23.00
12.00
5.00
3.00
10.00
8.00
8.00
4.00
6.00
8.00
7.00
6.00
10.00
15.00
8.00
38.00
4.00
3.00
10.00
7.00
4.00
17.00
17.00
9.00
81.00
5.00
2.00
10.00
4.00
17.00
11.00
5.00
21.00
10.00
24.00
30.00
14.00
10.00
23.00
10.00
8.00
16.00
15.00
9.00
3.00
5.00
15.00
19.00
4.00
10.00
9.00
11.00
46.00
8.00
4.00
1.00
7.00
14.00
7.00
33.00
20.00
4.00
34.00
4.00
14.00
7.00
7.00
8.00
8.00
5.00
7.00
7.00
11.00
7.00
7.00
4.00
13.00
11.00
6.00
3.00
7.00
70.00
9.00
2.00
3.00
4.00
9.00
9.00
18.00
6.00
7.00
11.00
2.00
7.00
10.00
21.00
5.00
5.00
37.00
4.00
9.00
6.00
44.00
2.00
4.00
4.00
6.00
4.00
34.00
5.00
3.00
6.00
7.00
4.00
6.00
40.00
9.00
13.00
12.00
17.00
7.00
14.00
5.00
6.00
6.00
5.00
8.00
6.00
4.00
7.00
2.00
5.00
5.00
7.00
4.00
9.00
9.00
4.00
7.00
9.00
7.00
26.00
4.00
8.00
12.00
7.00
10.00
12.00
6.00
11.00
6.00
10.00
7.00
9.00
8.00
12.00
7.00
13.00
5.00
22.00
21.00
16.00
5.00
9.00
8.00
14.00
5.00
6.00
6.00
16.00
9.00
5.00
15.00
8.00
5.00
6.00
7.00
2.00
16.00
6.00
10.00
6.00
8.00
6.00
23.00
8.00
8.00
8.00
12.00
6.00
33.00
6.00
6.00
4.00
12.00
6.00
8.00
5.00
9.00
19.00
2.00
5.00
8.00
8.00
7.00
6.00
9.00
6.00
6.00
8.00
2.00
5.00
10.00
9.00
10.00
4.00
6.00
7.00
3.00
5.00
7.00
6.00
3.00
12.00
13.00
6.00
6.00
3.00
6.00
6.00
4.00
9.00
14.00
9.00
7.00
5.00
3.00
13.00
8.00
7.00
5.00
20.00
9.00
32.00
6.00
10.00
2.00
3.00
25.00
8.00
6.00
11.00
11.00
8.00
8.00
6.00
11.00
2.00
2.00
5.00
7.00
7.00
11.00
11.00
9.00
5.00
7.00
4.00
12.00
8.00
4.00
3.00
2.00
18.00
16.00
6.00
8.00
5.00
14.00
10.00
9.00
8.00
5.00
4.00
6.00
4.00
16.00
3.00
8.00
11.00
16.00
3.00
3.00
8.00
11.00
6.00
4.00
4.00
13.00
18.00
4.00
72.00
4.00
4.00
6.00
8.00
24.00
7.00
3.00
5.00
3.00
7.00
3.00
6.00
10.00
6.00
5.00
5.00
7.00
8.00
4.00
4.00
5.00
9.00
3.00
1.00
8.00
9.00
8.00
15.00
4.00
9.00
1.00
7.00
32.00
14.00
3.00
9.00
3.00
11.00
7.00
4.00
5.00
9.00
9.00
3.00
1.00
9.00
2.00
6.00
4.00
4.00
8.00
9.00
5.00
15.00
16.00
10.00
12.00
8.00
6.00
16.00
5.00
2.00
6.00
7.00
10.00
5.00
7.00
5.00
5.00
6.00
3.00
12.00
5.00
5.00
4.00
4.00
4.00
3.00
3.00
4.00
7.00
15.00
4.00
12.00
6.00
7.00
6.00
3.00
8.00
3.00
1.00
7.00
13.00
8.00
11.00
7.00
7.00
4.00
5.00
10.00
8.00
5.00
12.00
11.00
10.00
5.00
4.00
14.00
7.00
5.00
6.00
8.00
7.00
6.00
5.00
5.00
4.00
2.00
2.00
6.00
7.00
7.00
6.00
14.00
7.00
2.00
2.00
2.00
8.00
8.00
5.00
21.00
6.00
8.00
6.00
8.00
5.00
5.00
3.00
9.00
9.00
18.00
7.00
9.00
5.00
9.00
29.00
7.00
7.00
4.00
4.00
5.00
20.00
6.00
12.00
2.00
3.00
3.00
7.00
12.00
6.00
42.00
4.00
18.00
7.00
1.00
2.00
7.00
6.00
12.00
4.00
4.00
3.00
8.00
2.00
3.00
6.00
6.00
3.00
6.00
3.00
6.00
5.00
6.00
5.00
7.00
64.00
6.00
7.00
4.00
7.00
8.00
3.00
2.00
10.00
3.00
5.00
4.00
9.00
9.00
7.00
7.00
6.00
8.00
7.00
8.00
6.00
3.00
4.00
8.00
21.00
5.00
8.00
10.00
4.00
15.00
2.00
4.00
5.00
4.00
5.00
15.00
3.00
3.00
9.00
1.00
3.00
5.00
43.00
6.00
11.00
9.00
7.00
5.00
23.00
7.00
5.00
8.00
7.00
5.00
3.00
3.00
15.00
13.00
7.00
4.00
5.00
6.00
6.00
11.00
13.00
4.00
6.00
15.00
11.00
3.00
6.00
12.00
4.00
3.00
8.00
27.00
6.00
11.00
3.00
5.00
4.00
5.00
6.00
5.00
6.00
7.00
3.00
3.00
2.00
6.00
7.00
17.00
8.00
3.00
6.00
12.00
3.00
7.00
4.00
8.00
6.00
6.00
6.00
6.00
5.00
4.00
4.00
4.00
9.00
5.00
10.00
2.00
10.00
3.00
8.00
9.00
7.00
2.00
5.00
66.00
4.00
8.00
5.00
1.00
11.00
8.00
5.00
4.00
2.00
5.00
5.00
3.00
7.00
16.00
9.00
1.00
3.00
2.00
16.00
5.00
5.00
4.00
7.00
8.00
12.00
9.00
11.00
8.00
6.00
7.00
6.00
7.00
4.00
5.00
20.00
6.00
5.00
5.00
4.00
2.00
3.00
10.00
5.00
9.00
2.00
10.00
3.00
3.00
6.00
12.00
8.00
2.00
6.00
4.00
12.00
11.00
3.00
6.00
3.00
13.00
6.00
6.00
3.00
4.00
5.00
3.00
10.00
3.00
5.00
2.00
4.00
8.00
6.00
3.00
3.00
3.00
6.00
7.00
4.00
11.00
7.00
3.00
3.00
5.00
9.00
9.00
5.00
10.00
8.00
17.00
5.00
7.00
2.00
8.00
1.00
19.00
6.00
5.00
2.00
4.00
13.00
16.00
3.00
6.00
3.00
10.00
6.00
6.00
2.00
2.00
20.00
5.00
4.00
3.00
9.00
1.00
3.00
6.00
6.00
5.00
8.00
4.00
23.00
6.00
3.00
4.00
4.00
2.00
3.00
11.00
6.00
4.00
6.00
6.00
7.00
2.00
2.00
5.00
6.00
6.00
4.00
8.00
2.00
6.00
4.00
5.00
2.00
