217.00
6.00
11.00
23.00
21.00
16.00
13.00
11.00
30.00
15.00
17.00
211.00
17.00
10.00
8.00
15.00
6.00
7.00
16.00
7.00
24.00
22.00
10.00
9.00
25.00
29.00
7.00
143.00
24.00
13.00
18.00
2.00
31.00
12.00
14.00
8.00
5.00
15.00
18.00
34.00
8.00
18.00
5.00
18.00
22.00
27.00
21.00
26.00
7.00
32.00
7.00
9.00
26.00
14.00
26.00
18.00
15.00
9.00
15.00
15.00
17.00
17.00
11.00
13.00
7.00
149.00
8.00
17.00
5.00
6.00
21.00
8.00
9.00
14.00
24.00
22.00
15.00
9.00
18.00
30.00
20.00
22.00
14.00
24.00
17.00
12.00
87.00
5.00
12.00
26.00
19.00
19.00
16.00
19.00
24.00
10.00
8.00
7.00
13.00
10.00
10.00
6.00
12.00
15.00
3.00
16.00
22.00
18.00
11.00
9.00
14.00
7.00
23.00
15.00
177.00
3.00
13.00
13.00
11.00
6.00
20.00
9.00
18.00
24.00
20.00
7.00
7.00
6.00
11.00
15.00
21.00
5.00
16.00
16.00
9.00
29.00
8.00
12.00
9.00
8.00
18.00
9.00
13.00
26.00
11.00
10.00
17.00
61.00
11.00
16.00
14.00
22.00
14.00
13.00
11.00
13.00
9.00
19.00
30.00
14.00
30.00
13.00
11.00
15.00
74.00
220.00
19.00
7.00
15.00
10.00
13.00
17.00
26.00
20.00
10.00
16.00
16.00
11.00
16.00
17.00
11.00
7.00
9.00
34.00
6.00
10.00
10.00
11.00
9.00
10.00
16.00
8.00
19.00
8.00
14.00
6.00
19.00
7.00
23.00
17.00
15.00
14.00
15.00
13.00
8.00
12.00
10.00
18.00
21.00
16.00
19.00
39.00
10.00
18.00
14.00
10.00
38.00
13.00
8.00
4.00
7.00
12.00
16.00
10.00
15.00
12.00
12.00
18.00
21.00
9.00
6.00
12.00
6.00
6.00
14.00
10.00
8.00
6.00
10.00
3.00
5.00
6.00
9.00
12.00
8.00
15.00
16.00
13.00
12.00
20.00
16.00
17.00
16.00
18.00
15.00
20.00
14.00
4.00
11.00
9.00
5.00
8.00
14.00
17.00
13.00
15.00
6.00
7.00
9.00
18.00
14.00
14.00
7.00
24.00
10.00
15.00
8.00
22.00
7.00
10.00
13.00
21.00
36.00
8.00
11.00
16.00
10.00
8.00
20.00
20.00
15.00
13.00
10.00
8.00
6.00
12.00
9.00
10.00
8.00
12.00
7.00
11.00
10.00
132.00
29.00
12.00
12.00
5.00
10.00
7.00
19.00
8.00
14.00
7.00
16.00
5.00
20.00
8.00
19.00
29.00
10.00
15.00
12.00
10.00
15.00
17.00
18.00
26.00
9.00
7.00
10.00
12.00
11.00
9.00
10.00
8.00
16.00
20.00
171.00
28.00
9.00
198.00
9.00
11.00
6.00
10.00
7.00
17.00
8.00
20.00
11.00
14.00
14.00
20.00
12.00
13.00
11.00
7.00
14.00
29.00
17.00
17.00
12.00
6.00
17.00
16.00
10.00
19.00
22.00
7.00
12.00
9.00
7.00
17.00
21.00
19.00
40.00
12.00
9.00
20.00
15.00
11.00
5.00
18.00
6.00
14.00
11.00
11.00
14.00
15.00
12.00
13.00
6.00
7.00
9.00
16.00
20.00
16.00
28.00
10.00
12.00
9.00
64.00
12.00
17.00
12.00
5.00
6.00
17.00
19.00
18.00
14.00
17.00
42.00
12.00
6.00
6.00
13.00
9.00
5.00
23.00
4.00
6.00
10.00
19.00
9.00
8.00
15.00
14.00
8.00
29.00
16.00
233.00
6.00
9.00
11.00
5.00
12.00
12.00
17.00
10.00
4.00
10.00
9.00
28.00
9.00
9.00
8.00
5.00
18.00
12.00
12.00
24.00
13.00
13.00
8.00
5.00
9.00
13.00
14.00
35.00
17.00
7.00
14.00
11.00
9.00
25.00
10.00
12.00
6.00
16.00
12.00
11.00
17.00
17.00
11.00
21.00
14.00
7.00
7.00
9.00
4.00
8.00
1.00
27.00
10.00
16.00
11.00
10.00
10.00
8.00
10.00
5.00
10.00
10.00
13.00
34.00
5.00
15.00
18.00
6.00
8.00
5.00
19.00
25.00
13.00
21.00
17.00
9.00
20.00
13.00
17.00
18.00
137.00
5.00
37.00
14.00
8.00
14.00
30.00
8.00
7.00
13.00
11.00
5.00
17.00
9.00
11.00
9.00
9.00
3.00
6.00
14.00
7.00
10.00
4.00
12.00
10.00
8.00
21.00
11.00
17.00
19.00
14.00
20.00
11.00
14.00
10.00
13.00
28.00
17.00
12.00
16.00
14.00
30.00
10.00
10.00
15.00
3.00
10.00
17.00
23.00
7.00
10.00
5.00
8.00
17.00
7.00
9.00
7.00
5.00
8.00
10.00
13.00
11.00
20.00
12.00
13.00
10.00
12.00
8.00
7.00
19.00
7.00
14.00
6.00
8.00
15.00
9.00
27.00
11.00
12.00
17.00
20.00
8.00
7.00
8.00
11.00
10.00
11.00
5.00
7.00
11.00
8.00
6.00
11.00
15.00
8.00
9.00
22.00
8.00
24.00
18.00
14.00
7.00
8.00
9.00
6.00
7.00
10.00
9.00
4.00
6.00
6.00
24.00
12.00
6.00
5.00
17.00
8.00
6.00
17.00
9.00
9.00
6.00
18.00
5.00
10.00
10.00
13.00
13.00
13.00
18.00
17.00
11.00
8.00
13.00
13.00
13.00
18.00
7.00
6.00
7.00
14.00
9.00
8.00
12.00
12.00
16.00
18.00
8.00
5.00
5.00
10.00
5.00
13.00
9.00
13.00
12.00
24.00
13.00
9.00
7.00
19.00
10.00
9.00
14.00
6.00
7.00
13.00
9.00
260.00
6.00
19.00
18.00
9.00
2.00
7.00
27.00
17.00
4.00
15.00
204.00
25.00
17.00
6.00
3.00
7.00
23.00
21.00
8.00
9.00
4.00
5.00
5.00
13.00
12.00
8.00
16.00
21.00
18.00
20.00
14.00
15.00
12.00
8.00
10.00
18.00
10.00
24.00
3.00
4.00
10.00
8.00
17.00
3.00
8.00
14.00
13.00
8.00
15.00
162.00
14.00
12.00
6.00
11.00
14.00
40.00
6.00
11.00
9.00
15.00
10.00
17.00
7.00
19.00
49.00
5.00
11.00
7.00
15.00
15.00
7.00
16.00
11.00
8.00
11.00
48.00
12.00
7.00
10.00
6.00
10.00
14.00
6.00
6.00
6.00
11.00
9.00
13.00
14.00
3.00
12.00
7.00
8.00
15.00
10.00
12.00
6.00
6.00
7.00
8.00
17.00
7.00
49.00
9.00
10.00
12.00
12.00
5.00
10.00
3.00
15.00
10.00
12.00
11.00
3.00
9.00
15.00
6.00
