6.00
47.00
5.00
79.00
7.00
8.00
24.00
5.00
4.00
13.00
1.00
12.00
2.00
11.00
4.00
5.00
7.00
21.00
10.00
9.00
10.00
3.00
7.00
5.00
13.00
9.00
21.00
12.00
30.00
9.00
9.00
10.00
4.00
2.00
21.00
4.00
9.00
5.00
16.00
18.00
8.00
3.00
15.00
13.00
27.00
8.00
15.00
2.00
17.00
6.00
14.00
6.00
12.00
2.00
25.00
10.00
12.00
4.00
5.00
5.00
5.00
12.00
13.00
20.00
14.00
10.00
60.00
8.00
14.00
4.00
8.00
13.00
4.00
10.00
8.00
8.00
8.00
8.00
6.00
22.00
8.00
7.00
3.00
22.00
11.00
14.00
27.00
6.00
8.00
9.00
11.00
15.00
8.00
12.00
11.00
17.00
10.00
25.00
11.00
2.00
74.00
11.00
13.00
6.00
9.00
5.00
11.00
23.00
10.00
10.00
8.00
5.00
10.00
34.00
12.00
6.00
6.00
9.00
53.00
7.00
14.00
35.00
3.00
5.00
9.00
5.00
19.00
5.00
11.00
7.00
11.00
16.00
5.00
9.00
12.00
17.00
6.00
46.00
27.00
22.00
11.00
6.00
19.00
8.00
25.00
26.00
13.00
6.00
23.00
65.00
11.00
17.00
25.00
9.00
10.00
25.00
13.00
7.00
11.00
10.00
9.00
9.00
17.00
9.00
12.00
9.00
16.00
7.00
64.00
9.00
16.00
19.00
48.00
8.00
6.00
5.00
9.00
16.00
4.00
12.00
6.00
5.00
10.00
7.00
14.00
12.00
2.00
17.00
10.00
11.00
12.00
3.00
4.00
8.00
24.00
8.00
9.00
12.00
7.00
9.00
6.00
6.00
5.00
9.00
10.00
11.00
11.00
5.00
12.00
17.00
16.00
17.00
9.00
26.00
9.00
9.00
15.00
12.00
11.00
21.00
18.00
10.00
3.00
6.00
34.00
9.00
17.00
18.00
11.00
5.00
20.00
7.00
10.00
8.00
14.00
10.00
11.00
10.00
17.00
3.00
18.00
15.00
35.00
4.00
8.00
16.00
7.00
9.00
10.00
12.00
6.00
16.00
8.00
73.00
12.00
12.00
28.00
38.00
9.00
12.00
7.00
13.00
5.00
3.00
14.00
11.00
5.00
20.00
4.00
9.00
7.00
11.00
10.00
11.00
13.00
11.00
7.00
9.00
16.00
11.00
13.00
11.00
8.00
6.00
3.00
9.00
12.00
9.00
2.00
15.00
8.00
11.00
7.00
6.00
8.00
16.00
14.00
45.00
13.00
9.00
9.00
7.00
14.00
19.00
10.00
13.00
6.00
8.00
6.00
8.00
4.00
6.00
9.00
14.00
10.00
7.00
6.00
11.00
4.00
17.00
9.00
8.00
10.00
13.00
12.00
7.00
48.00
20.00
17.00
5.00
9.00
9.00
17.00
5.00
7.00
15.00
6.00
14.00
6.00
6.00
7.00
11.00
8.00
12.00
9.00
5.00
6.00
8.00
24.00
10.00
9.00
11.00
10.00
9.00
8.00
6.00
9.00
17.00
8.00
14.00
5.00
10.00
6.00
6.00
7.00
28.00
2.00
11.00
12.00
13.00
16.00
6.00
5.00
11.00
9.00
12.00
7.00
9.00
7.00
10.00
8.00
25.00
51.00
9.00
9.00
10.00
8.00
12.00
5.00
4.00
7.00
13.00
10.00
10.00
11.00
18.00
4.00
3.00
3.00
27.00
7.00
3.00
7.00
3.00
7.00
6.00
12.00
30.00
17.00
6.00
10.00
6.00
15.00
10.00
14.00
6.00
10.00
13.00
20.00
7.00
6.00
13.00
5.00
10.00
22.00
10.00
7.00
7.00
11.00
6.00
14.00
5.00
8.00
18.00
7.00
13.00
15.00
4.00
23.00
4.00
9.00
5.00
10.00
9.00
10.00
5.00
12.00
13.00
5.00
18.00
33.00
5.00
22.00
3.00
10.00
10.00
55.00
12.00
8.00
15.00
13.00
14.00
6.00
8.00
6.00
4.00
11.00
9.00
10.00
9.00
23.00
8.00
7.00
5.00
10.00
11.00
6.00
6.00
8.00
9.00
7.00
6.00
5.00
16.00
11.00
11.00
10.00
8.00
21.00
27.00
10.00
19.00
8.00
6.00
11.00
12.00
6.00
2.00
19.00
7.00
4.00
9.00
3.00
2.00
2.00
8.00
11.00
16.00
3.00
9.00
7.00
29.00
6.00
5.00
8.00
7.00
5.00
30.00
12.00
10.00
8.00
2.00
5.00
17.00
33.00
6.00
7.00
15.00
8.00
7.00
10.00
6.00
3.00
9.00
7.00
12.00
5.00
3.00
6.00
3.00
4.00
8.00
13.00
12.00
9.00
9.00
5.00
43.00
22.00
11.00
18.00
10.00
5.00
10.00
15.00
5.00
8.00
22.00
5.00
9.00
6.00
7.00
7.00
5.00
9.00
16.00
8.00
4.00
8.00
2.00
97.00
4.00
7.00
9.00
6.00
6.00
27.00
7.00
6.00
12.00
17.00
6.00
11.00
12.00
14.00
9.00
8.00
7.00
6.00
38.00
15.00
11.00
3.00
19.00
7.00
19.00
7.00
9.00
6.00
9.00
7.00
9.00
6.00
3.00
9.00
6.00
29.00
14.00
4.00
3.00
9.00
17.00
7.00
34.00
18.00
7.00
11.00
7.00
6.00
4.00
11.00
8.00
12.00
26.00
2.00
5.00
5.00
8.00
9.00
9.00
4.00
6.00
8.00
4.00
7.00
8.00
6.00
8.00
5.00
14.00
8.00
4.00
6.00
6.00
7.00
8.00
4.00
7.00
9.00
3.00
10.00
6.00
8.00
9.00
10.00
3.00
9.00
10.00
9.00
4.00
16.00
15.00
6.00
11.00
8.00
7.00
10.00
11.00
10.00
8.00
5.00
9.00
8.00
6.00
65.00
9.00
9.00
12.00
6.00
12.00
6.00
6.00
6.00
7.00
4.00
14.00
3.00
6.00
4.00
6.00
2.00
14.00
5.00
11.00
5.00
7.00
11.00
4.00
4.00
6.00
17.00
10.00
6.00
5.00
6.00
6.00
8.00
8.00
20.00
8.00
7.00
9.00
10.00
11.00
9.00
10.00
9.00
3.00
12.00
3.00
2.00
7.00
11.00
5.00
6.00
9.00
4.00
6.00
10.00
6.00
5.00
7.00
11.00
10.00
12.00
4.00
5.00
11.00
9.00
9.00
6.00
5.00
7.00
4.00
16.00
3.00
9.00
8.00
5.00
8.00
3.00
5.00
7.00
15.00
9.00
10.00
10.00
5.00
6.00
4.00
12.00
13.00
4.00
5.00
5.00
10.00
18.00
4.00
9.00
3.00
5.00
5.00
3.00
9.00
5.00
8.00
16.00
11.00
6.00
14.00
6.00
13.00
8.00
6.00
14.00
8.00
5.00
3.00
11.00
5.00
6.00
10.00
9.00
8.00
2.00
19.00
7.00
5.00
12.00
8.00
