17.00
1.00
22.00
9.00
2.00
6.00
8.00
18.00
34.00
7.00
4.00
14.00
16.00
3.00
4.00
7.00
15.00
12.00
6.00
26.00
5.00
11.00
2.00
13.00
12.00
9.00
3.00
15.00
13.00
13.00
11.00
5.00
20.00
10.00
18.00
12.00
5.00
16.00
5.00
2.00
6.00
12.00
1.00
5.00
20.00
18.00
26.00
12.00
13.00
8.00
5.00
6.00
9.00
11.00
13.00
10.00
11.00
5.00
7.00
13.00
8.00
9.00
9.00
11.00
18.00
10.00
5.00
8.00
5.00
12.00
11.00
13.00
8.00
14.00
6.00
8.00
13.00
8.00
6.00
5.00
9.00
15.00
8.00
7.00
16.00
11.00
9.00
6.00
5.00
4.00
10.00
16.00
14.00
11.00
22.00
6.00
15.00
7.00
13.00
16.00
22.00
16.00
15.00
12.00
4.00
4.00
28.00
14.00
9.00
10.00
6.00
6.00
13.00
8.00
33.00
12.00
13.00
12.00
6.00
7.00
9.00
7.00
5.00
8.00
9.00
7.00
8.00
13.00
6.00
7.00
13.00
10.00
12.00
27.00
22.00
14.00
6.00
11.00
17.00
7.00
52.00
2.00
18.00
10.00
8.00
6.00
17.00
13.00
9.00
11.00
6.00
7.00
10.00
8.00
11.00
7.00
12.00
8.00
21.00
5.00
10.00
4.00
12.00
19.00
10.00
21.00
9.00
10.00
4.00
10.00
10.00
9.00
11.00
24.00
6.00
8.00
10.00
8.00
9.00
10.00
10.00
5.00
6.00
10.00
11.00
16.00
18.00
11.00
6.00
8.00
19.00
5.00
5.00
4.00
11.00
8.00
8.00
5.00
13.00
11.00
4.00
6.00
11.00
5.00
11.00
11.00
4.00
16.00
7.00
15.00
8.00
12.00
22.00
12.00
10.00
13.00
10.00
14.00
6.00
13.00
7.00
12.00
3.00
8.00
16.00
19.00
7.00
10.00
5.00
13.00
12.00
10.00
5.00
10.00
9.00
6.00
6.00
8.00
5.00
8.00
8.00
11.00
3.00
10.00
15.00
10.00
8.00
11.00
8.00
7.00
6.00
26.00
3.00
6.00
11.00
10.00
2.00
9.00
15.00
25.00
14.00
11.00
11.00
7.00
6.00
7.00
13.00
11.00
5.00
5.00
18.00
13.00
13.00
12.00
18.00
7.00
9.00
8.00
10.00
12.00
18.00
4.00
9.00
4.00
5.00
13.00
7.00
15.00
10.00
5.00
8.00
6.00
7.00
4.00
8.00
13.00
5.00
8.00
9.00
3.00
15.00
6.00
9.00
2.00
24.00
16.00
7.00
8.00
9.00
7.00
11.00
7.00
9.00
9.00
9.00
7.00
8.00
16.00
3.00
12.00
8.00
12.00
9.00
23.00
17.00
6.00
13.00
11.00
13.00
14.00
10.00
6.00
7.00
8.00
9.00
8.00
6.00
9.00
10.00
10.00
14.00
18.00
3.00
4.00
10.00
9.00
8.00
2.00
10.00
7.00
17.00
16.00
13.00
7.00
9.00
6.00
8.00
12.00
3.00
7.00
7.00
9.00
4.00
3.00
3.00
6.00
22.00
5.00
9.00
5.00
8.00
13.00
19.00
7.00
8.00
5.00
24.00
5.00
7.00
5.00
5.00
4.00
7.00
6.00
11.00
15.00
15.00
11.00
9.00
8.00
1.00
11.00
9.00
27.00
12.00
10.00
7.00
25.00
6.00
30.00
11.00
4.00
7.00
4.00
12.00
6.00
1.00
14.00
9.00
9.00
7.00
6.00
5.00
14.00
9.00
12.00
14.00
18.00
5.00
12.00
13.00
8.00
20.00
7.00
6.00
10.00
4.00
7.00
7.00
10.00
4.00
11.00
5.00
6.00
13.00
9.00
3.00
5.00
8.00
12.00
9.00
5.00
11.00
4.00
19.00
10.00
7.00
10.00
10.00
6.00
3.00
6.00
10.00
11.00
5.00
4.00
5.00
9.00
5.00
4.00
8.00
6.00
9.00
8.00
7.00
13.00
12.00
8.00
12.00
4.00
7.00
8.00
17.00
8.00
2.00
15.00
7.00
9.00
5.00
4.00
6.00
8.00
7.00
6.00
3.00
5.00
32.00
10.00
6.00
6.00
3.00
4.00
9.00
5.00
6.00
3.00
9.00
5.00
9.00
4.00
14.00
8.00
5.00
8.00
5.00
5.00
11.00
12.00
10.00
4.00
6.00
7.00
25.00
9.00
3.00
11.00
8.00
8.00
10.00
6.00
10.00
20.00
10.00
17.00
6.00
2.00
9.00
1.00
5.00
13.00
3.00
9.00
18.00
3.00
4.00
8.00
15.00
7.00
5.00
10.00
11.00
4.00
7.00
8.00
5.00
10.00
8.00
5.00
7.00
9.00
8.00
10.00
7.00
5.00
7.00
7.00
6.00
3.00
4.00
11.00
18.00
8.00
9.00
7.00
2.00
75.00
11.00
11.00
2.00
5.00
6.00
9.00
7.00
12.00
10.00
6.00
16.00
4.00
6.00
15.00
5.00
7.00
7.00
41.00
7.00
7.00
6.00
10.00
4.00
13.00
5.00
18.00
7.00
5.00
5.00
2.00
9.00
1.00
9.00
15.00
6.00
2.00
2.00
6.00
5.00
27.00
4.00
7.00
14.00
10.00
7.00
14.00
10.00
4.00
7.00
1.00
21.00
18.00
15.00
6.00
6.00
11.00
7.00
4.00
4.00
6.00
4.00
10.00
8.00
14.00
8.00
10.00
7.00
12.00
5.00
4.00
4.00
3.00
5.00
3.00
6.00
10.00
49.00
7.00
13.00
10.00
6.00
4.00
6.00
9.00
5.00
2.00
5.00
8.00
10.00
7.00
3.00
13.00
3.00
10.00
9.00
13.00
1.00
5.00
4.00
2.00
7.00
5.00
6.00
8.00
11.00
7.00
8.00
6.00
15.00
4.00
5.00
14.00
7.00
21.00
6.00
6.00
3.00
9.00
4.00
8.00
3.00
14.00
5.00
6.00
11.00
14.00
9.00
15.00
17.00
5.00
7.00
4.00
6.00
3.00
4.00
10.00
21.00
2.00
4.00
5.00
7.00
7.00
6.00
2.00
8.00
10.00
3.00
9.00
4.00
40.00
4.00
5.00
5.00
13.00
2.00
5.00
6.00
2.00
3.00
11.00
13.00
5.00
7.00
5.00
10.00
10.00
5.00
14.00
8.00
5.00
5.00
5.00
9.00
10.00
12.00
11.00
10.00
11.00
16.00
15.00
13.00
4.00
4.00
2.00
10.00
7.00
13.00
13.00
4.00
4.00
3.00
4.00
10.00
11.00
12.00
12.00
5.00
4.00
3.00
10.00
5.00
1.00
23.00
2.00
4.00
2.00
12.00
16.00
7.00
3.00
11.00
7.00
7.00
6.00
11.00
23.00
1.00
6.00
5.00
6.00
13.00
9.00
2.00
4.00
7.00
5.00
5.00
9.00
4.00
26.00
10.00
5.00
8.00
8.00
