3.00
15.00
11.00
10.00
24.00
1.00
12.00
4.00
11.00
18.00
7.00
3.00
3.00
8.00
6.00
4.00
6.00
2.00
14.00
8.00
3.00
14.00
9.00
15.00
8.00
3.00
5.00
9.00
9.00
2.00
2.00
7.00
5.00
8.00
1.00
8.00
3.00
1.00
23.00
2.00
11.00
3.00
18.00
3.00
3.00
4.00
9.00
4.00
5.00
24.00
4.00
7.00
8.00
3.00
6.00
5.00
12.00
6.00
15.00
4.00
5.00
3.00
4.00
6.00
3.00
1.00
7.00
8.00
5.00
15.00
2.00
5.00
4.00
41.00
23.00
3.00
2.00
2.00
1.00
30.00
9.00
4.00
4.00
46.00
6.00
4.00
13.00
2.00
7.00
5.00
5.00
3.00
4.00
50.00
3.00
5.00
6.00
26.00
10.00
2.00
4.00
8.00
3.00
12.00
2.00
4.00
3.00
13.00
3.00
3.00
6.00
7.00
4.00
2.00
4.00
1.00
6.00
7.00
8.00
5.00
6.00
4.00
8.00
10.00
5.00
7.00
5.00
2.00
4.00
7.00
2.00
5.00
10.00
7.00
4.00
1.00
5.00
2.00
14.00
24.00
1.00
4.00
14.00
16.00
18.00
2.00
3.00
4.00
6.00
4.00
4.00
27.00
3.00
20.00
4.00
4.00
6.00
8.00
7.00
3.00
3.00
2.00
1.00
6.00
6.00
11.00
5.00
11.00
2.00
3.00
19.00
3.00
4.00
7.00
29.00
2.00
3.00
4.00
2.00
4.00
4.00
3.00
54.00
11.00
4.00
14.00
7.00
9.00
3.00
9.00
5.00
10.00
2.00
32.00
8.00
8.00
6.00
6.00
5.00
3.00
8.00
2.00
2.00
2.00
4.00
9.00
2.00
24.00
4.00
24.00
2.00
2.00
5.00
9.00
4.00
18.00
4.00
10.00
3.00
3.00
2.00
4.00
5.00
7.00
4.00
4.00
11.00
2.00
7.00
6.00
1.00
3.00
4.00
10.00
4.00
2.00
4.00
37.00
7.00
3.00
3.00
3.00
16.00
2.00
2.00
2.00
4.00
2.00
3.00
49.00
3.00
2.00
4.00
3.00
12.00
4.00
2.00
3.00
2.00
7.00
3.00
3.00
7.00
7.00
7.00
16.00
4.00
2.00
1.00
5.00
1.00
2.00
9.00
4.00
3.00
8.00
10.00
6.00
2.00
4.00
2.00
11.00
7.00
11.00
3.00
2.00
29.00
3.00
5.00
4.00
5.00
2.00
9.00
1.00
2.00
3.00
5.00
2.00
13.00
2.00
1.00
5.00
4.00
20.00
26.00
2.00
3.00
3.00
3.00
4.00
13.00
2.00
1.00
14.00
1.00
3.00
6.00
11.00
5.00
6.00
4.00
2.00
4.00
9.00
4.00
7.00
10.00
3.00
2.00
3.00
2.00
4.00
1.00
4.00
4.00
1.00
7.00
4.00
3.00
4.00
3.00
5.00
6.00
1.00
4.00
5.00
2.00
2.00
3.00
3.00
2.00
2.00
2.00
1.00
2.00
5.00
5.00
2.00
11.00
2.00
2.00
2.00
4.00
4.00
3.00
3.00
1.00
2.00
2.00
3.00
7.00
32.00
4.00
16.00
2.00
4.00
1.00
10.00
9.00
2.00
1.00
4.00
1.00
3.00
35.00
2.00
2.00
13.00
6.00
4.00
4.00
2.00
3.00
2.00
3.00
5.00
6.00
2.00
3.00
4.00
3.00
2.00
2.00
1.00
18.00
2.00
1.00
2.00
2.00
2.00
6.00
4.00
1.00
4.00
6.00
6.00
2.00
2.00
9.00
3.00
3.00
5.00
10.00
2.00
5.00
5.00
8.00
2.00
3.00
3.00
2.00
3.00
2.00
1.00
3.00
2.00
5.00
1.00
1.00
3.00
5.00
1.00
2.00
3.00
4.00
4.00
5.00
9.00
1.00
1.00
12.00
1.00
3.00
1.00
1.00
16.00
1.00
5.00
7.00
1.00
1.00
5.00
2.00
2.00
1.00
3.00
3.00
3.00
2.00
11.00
5.00
3.00
1.00
1.00
3.00
6.00
5.00
3.00
1.00
1.00
2.00
4.00
4.00
1.00
1.00
1.00
2.00
2.00
1.00
3.00
4.00
18.00
2.00
2.00
4.00
2.00
5.00
3.00
2.00
2.00
1.00
3.00
2.00
6.00
1.00
3.00
2.00
1.00
1.00
8.00
1.00
3.00
2.00
3.00
39.00
1.00
2.00
1.00
3.00
4.00
3.00
2.00
2.00
1.00
4.00
2.00
4.00
1.00
4.00
1.00
1.00
4.00
4.00
4.00
4.00
4.00
7.00
2.00
1.00
1.00
8.00
26.00
4.00
4.00
3.00
3.00
2.00
2.00
2.00
1.00
1.00
1.00
1.00
2.00
3.00
2.00
1.00
1.00
2.00
10.00
9.00
2.00
2.00
1.00
6.00
2.00
1.00
3.00
1.00
2.00
1.00
6.00
7.00
3.00
2.00
2.00
1.00
2.00
2.00
2.00
1.00
1.00
1.00
3.00
1.00
2.00
1.00
2.00
3.00
2.00
1.00
3.00
3.00
2.00
6.00
1.00
4.00
1.00
1.00
1.00
1.00
1.00
7.00
1.00
1.00
1.00
1.00
1.00
1.00
5.00
4.00
11.00
6.00
26.00
15.00
4.00
3.00
93.00
5.00
2.00
4.00
2.00
1.00
5.00
1.00
1.00
1.00
5.00
1.00
1.00
3.00
1.00
2.00
1.00
5.00
1.00
2.00
2.00
2.00
1.00
2.00
3.00
5.00
1.00
3.00
3.00
4.00
3.00
1.00
5.00
5.00
2.00
2.00
3.00
1.00
1.00
7.00
1.00
1.00
4.00
1.00
1.00
2.00
3.00
48.00
3.00
1.00
2.00
2.00
1.00
1.00
1.00
1.00
2.00
1.00
1.00
2.00
3.00
2.00
1.00
2.00
1.00
3.00
3.00
1.00
2.00
5.00
3.00
3.00
3.00
6.00
1.00
3.00
1.00
2.00
13.00
1.00
2.00
1.00
1.00
1.00
1.00
1.00
1.00
4.00
3.00
4.00
1.00
4.00
4.00
1.00
1.00
5.00
3.00
1.00
2.00
1.00
3.00
6.00
2.00
2.00
1.00
3.00
1.00
1.00
5.00
1.00
1.00
3.00
2.00
2.00
1.00
9.00
1.00
1.00
5.00
6.00
7.00
2.00
1.00
32.00
5.00
1.00
3.00
3.00
1.00
5.00
3.00
2.00
1.00
2.00
1.00
4.00
1.00
2.00
1.00
3.00
5.00
2.00
1.00
5.00
1.00
1.00
2.00
1.00
1.00
1.00
2.00
1.00
3.00
2.00
3.00
2.00
2.00
1.00
8.00
1.00
9.00
1.00
1.00
1.00
1.00
3.00
1.00
1.00
1.00
1.00
2.00
1.00
2.00
3.00
2.00
1.00
1.00
3.00
11.00
2.00
1.00
1.00
1.00
