1.00
5.00
10.00
11.00
5.00
3.00
9.00
5.00
7.00
2.00
2.00
8.00
5.00
8.00
9.00
10.00
3.00
13.00
4.00
3.00
3.00
11.00
8.00
3.00
22.00
4.00
7.00
4.00
8.00
20.00
5.00
12.00
4.00
13.00
3.00
6.00
9.00
2.00
6.00
1.00
5.00
5.00
11.00
10.00
7.00
2.00
4.00
3.00
31.00
1.00
3.00
4.00
9.00
16.00
3.00
20.00
3.00
6.00
5.00
8.00
5.00
3.00
10.00
4.00
6.00
8.00
5.00
5.00
3.00
4.00
3.00
24.00
5.00
6.00
14.00
9.00
10.00
16.00
6.00
10.00
13.00
15.00
12.00
3.00
7.00
35.00
6.00
36.00
40.00
8.00
3.00
3.00
8.00
6.00
4.00
7.00
9.00
3.00
8.00
28.00
3.00
4.00
4.00
29.00
7.00
8.00
12.00
4.00
7.00
1.00
4.00
10.00
9.00
4.00
5.00
4.00
2.00
6.00
6.00
2.00
10.00
5.00
14.00
6.00
1.00
3.00
3.00
9.00
5.00
3.00
3.00
9.00
5.00
2.00
2.00
16.00
8.00
3.00
6.00
6.00
17.00
4.00
10.00
8.00
2.00
11.00
5.00
3.00
3.00
3.00
8.00
8.00
3.00
4.00
7.00
9.00
5.00
6.00
3.00
4.00
10.00
8.00
2.00
2.00
3.00
15.00
9.00
2.00
6.00
5.00
8.00
3.00
3.00
4.00
5.00
11.00
4.00
4.00
10.00
2.00
6.00
4.00
6.00
7.00
9.00
7.00
4.00
5.00
5.00
3.00
13.00
16.00
7.00
7.00
4.00
9.00
5.00
26.00
6.00
5.00
4.00
15.00
12.00
20.00
3.00
6.00
1.00
3.00
4.00
15.00
3.00
10.00
6.00
3.00
10.00
4.00
1.00
4.00
7.00
11.00
5.00
5.00
7.00
16.00
5.00
6.00
4.00
11.00
4.00
5.00
6.00
17.00
3.00
13.00
4.00
5.00
4.00
12.00
6.00
11.00
11.00
7.00
12.00
10.00
11.00
5.00
2.00
3.00
4.00
4.00
2.00
7.00
6.00
4.00
11.00
6.00
6.00
5.00
5.00
2.00
4.00
2.00
15.00
5.00
2.00
4.00
5.00
10.00
4.00
8.00
5.00
23.00
5.00
4.00
6.00
5.00
5.00
3.00
1.00
3.00
5.00
7.00
6.00
9.00
3.00
2.00
1.00
4.00
4.00
4.00
4.00
2.00
2.00
5.00
4.00
3.00
4.00
9.00
4.00
3.00
2.00
2.00
7.00
9.00
3.00
2.00
6.00
4.00
3.00
9.00
2.00
6.00
5.00
5.00
14.00
2.00
20.00
4.00
4.00
7.00
4.00
7.00
11.00
10.00
15.00
7.00
2.00
4.00
11.00
2.00
4.00
7.00
4.00
3.00
7.00
3.00
8.00
2.00
2.00
3.00
6.00
1.00
6.00
2.00
7.00
1.00
2.00
6.00
4.00
4.00
6.00
6.00
2.00
3.00
5.00
6.00
3.00
6.00
3.00
2.00
5.00
3.00
4.00
6.00
9.00
4.00
5.00
11.00
3.00
4.00
4.00
11.00
2.00
2.00
5.00
4.00
3.00
3.00
9.00
10.00
6.00
17.00
10.00
3.00
9.00
2.00
2.00
4.00
4.00
2.00
2.00
3.00
4.00
3.00
5.00
5.00
3.00
5.00
1.00
2.00
3.00
4.00
6.00
6.00
5.00
14.00
14.00
2.00
2.00
2.00
1.00
2.00
3.00
3.00
5.00
2.00
5.00
2.00
3.00
2.00
3.00
6.00
4.00
5.00
4.00
8.00
5.00
3.00
3.00
6.00
10.00
3.00
8.00
7.00
2.00
4.00
6.00
6.00
7.00
4.00
3.00
1.00
5.00
3.00
4.00
2.00
4.00
3.00
5.00
2.00
2.00
3.00
2.00
8.00
5.00
6.00
4.00
5.00
2.00
8.00
3.00
4.00
1.00
6.00
6.00
3.00
4.00
7.00
4.00
2.00
8.00
1.00
17.00
6.00
1.00
3.00
4.00
2.00
3.00
4.00
4.00
2.00
3.00
4.00
3.00
2.00
5.00
8.00
2.00
8.00
13.00
4.00
3.00
4.00
3.00
4.00
4.00
5.00
3.00
5.00
4.00
3.00
3.00
4.00
2.00
2.00
3.00
12.00
4.00
1.00
3.00
3.00
2.00
1.00
9.00
5.00
4.00
7.00
6.00
2.00
4.00
7.00
2.00
5.00
2.00
3.00
1.00
5.00
4.00
6.00
5.00
3.00
5.00
3.00
10.00
2.00
5.00
13.00
4.00
3.00
4.00
2.00
3.00
3.00
2.00
2.00
2.00
1.00
5.00
1.00
2.00
6.00
11.00
2.00
1.00
2.00
5.00
1.00
1.00
3.00
7.00
2.00
4.00
2.00
6.00
6.00
4.00
8.00
21.00
3.00
2.00
1.00
4.00
4.00
2.00
3.00
3.00
7.00
7.00
3.00
5.00
3.00
3.00
4.00
1.00
1.00
3.00
4.00
2.00
3.00
10.00
2.00
3.00
8.00
6.00
3.00
4.00
3.00
10.00
3.00
2.00
4.00
1.00
3.00
33.00
7.00
9.00
6.00
2.00
1.00
2.00
2.00
4.00
4.00
7.00
1.00
4.00
3.00
5.00
3.00
3.00
1.00
4.00
1.00
3.00
1.00
4.00
1.00
1.00
1.00
1.00
1.00
2.00
5.00
3.00
1.00
4.00
1.00
8.00
6.00
1.00
2.00
2.00
2.00
3.00
7.00
1.00
3.00
1.00
5.00
2.00
2.00
5.00
8.00
1.00
8.00
1.00
8.00
5.00
8.00
4.00
2.00
1.00
2.00
2.00
2.00
1.00
11.00
1.00
2.00
5.00
4.00
1.00
5.00
3.00
7.00
7.00
2.00
4.00
8.00
3.00
1.00
8.00
2.00
5.00
1.00
2.00
1.00
13.00
4.00
2.00
4.00
1.00
2.00
1.00
4.00
2.00
5.00
4.00
9.00
4.00
2.00
3.00
4.00
6.00
4.00
2.00
3.00
2.00
3.00
5.00
1.00
4.00
4.00
1.00
2.00
2.00
10.00
3.00
3.00
2.00
16.00
3.00
4.00
3.00
3.00
3.00
1.00
5.00
1.00
7.00
3.00
1.00
2.00
2.00
3.00
1.00
1.00
3.00
1.00
5.00
1.00
3.00
1.00
5.00
6.00
3.00
6.00
2.00
2.00
1.00
2.00
5.00
4.00
2.00
5.00
2.00
4.00
2.00
4.00
3.00
2.00
4.00
1.00
3.00
4.00
2.00
3.00
2.00
2.00
1.00
3.00
1.00
2.00
2.00
3.00
2.00
1.00
1.00
2.00
1.00
1.00
2.00
9.00
1.00
1.00
2.00
1.00
1.00
7.00
1.00
3.00
1.00
4.00
1.00
1.00
2.00
4.00
7.00
6.00
