7.00
38.00
12.00
3.00
11.00
4.00
9.00
5.00
7.00
8.00
10.00
7.00
5.00
7.00
19.00
3.00
22.00
7.00
11.00
13.00
12.00
11.00
6.00
13.00
8.00
2.00
17.00
8.00
9.00
2.00
17.00
8.00
9.00
7.00
4.00
16.00
6.00
6.00
28.00
9.00
16.00
13.00
20.00
5.00
9.00
8.00
8.00
8.00
9.00
24.00
5.00
12.00
9.00
25.00
16.00
7.00
7.00
19.00
15.00
8.00
6.00
12.00
3.00
13.00
6.00
7.00
6.00
9.00
9.00
3.00
5.00
19.00
5.00
10.00
9.00
7.00
7.00
3.00
10.00
5.00
5.00
8.00
9.00
14.00
7.00
4.00
13.00
6.00
9.00
9.00
13.00
2.00
1.00
4.00
7.00
5.00
5.00
5.00
11.00
8.00
4.00
14.00
9.00
15.00
2.00
6.00
7.00
17.00
6.00
10.00
3.00
4.00
14.00
6.00
4.00
9.00
8.00
12.00
8.00
8.00
5.00
1.00
6.00
6.00
9.00
12.00
22.00
2.00
6.00
17.00
6.00
11.00
4.00
9.00
10.00
7.00
13.00
9.00
8.00
9.00
6.00
10.00
8.00
10.00
3.00
6.00
18.00
7.00
5.00
10.00
7.00
8.00
6.00
7.00
8.00
3.00
6.00
5.00
16.00
5.00
14.00
13.00
10.00
27.00
6.00
12.00
12.00
3.00
8.00
2.00
10.00
2.00
9.00
7.00
9.00
8.00
4.00
45.00
10.00
7.00
8.00
14.00
3.00
7.00
13.00
7.00
9.00
15.00
7.00
16.00
4.00
6.00
5.00
8.00
9.00
9.00
4.00
2.00
4.00
7.00
18.00
17.00
7.00
6.00
11.00
1.00
6.00
3.00
12.00
9.00
7.00
4.00
8.00
5.00
13.00
4.00
15.00
4.00
8.00
14.00
16.00
5.00
6.00
3.00
5.00
13.00
6.00
12.00
6.00
21.00
8.00
13.00
9.00
6.00
8.00
9.00
8.00
3.00
3.00
19.00
12.00
10.00
9.00
10.00
9.00
18.00
5.00
18.00
3.00
10.00
3.00
9.00
8.00
6.00
13.00
2.00
7.00
7.00
6.00
12.00
2.00
4.00
4.00
5.00
13.00
13.00
7.00
8.00
5.00
4.00
8.00
17.00
15.00
9.00
39.00
13.00
74.00
13.00
13.00
7.00
16.00
7.00
8.00
6.00
3.00
3.00
7.00
9.00
5.00
11.00
5.00
15.00
4.00
6.00
7.00
4.00
10.00
5.00
3.00
9.00
3.00
5.00
5.00
13.00
7.00
4.00
2.00
13.00
9.00
9.00
12.00
5.00
7.00
9.00
9.00
5.00
5.00
6.00
9.00
11.00
5.00
35.00
9.00
5.00
6.00
5.00
8.00
4.00
12.00
4.00
9.00
8.00
12.00
8.00
9.00
9.00
6.00
8.00
8.00
8.00
9.00
4.00
7.00
6.00
5.00
3.00
12.00
6.00
21.00
6.00
13.00
9.00
12.00
11.00
14.00
7.00
4.00
5.00
4.00
3.00
14.00
3.00
6.00
4.00
7.00
2.00
5.00
10.00
13.00
5.00
7.00
5.00
8.00
6.00
12.00
12.00
3.00
5.00
14.00
8.00
6.00
10.00
4.00
5.00
6.00
8.00
5.00
5.00
7.00
2.00
2.00
2.00
4.00
7.00
7.00
10.00
2.00
8.00
27.00
10.00
4.00
7.00
45.00
10.00
5.00
8.00
20.00
4.00
8.00
3.00
6.00
3.00
4.00
7.00
2.00
7.00
5.00
4.00
2.00
2.00
6.00
11.00
5.00
5.00
5.00
6.00
5.00
7.00
8.00
3.00
10.00
7.00
3.00
6.00
5.00
38.00
2.00
6.00
9.00
13.00
3.00
4.00
3.00
13.00
6.00
6.00
3.00
10.00
5.00
7.00
8.00
3.00
9.00
4.00
14.00
5.00
3.00
10.00
4.00
10.00
4.00
6.00
7.00
5.00
8.00
4.00
3.00
6.00
5.00
11.00
4.00
8.00
5.00
10.00
6.00
8.00
5.00
8.00
3.00
1.00
4.00
4.00
8.00
3.00
2.00
7.00
3.00
2.00
2.00
7.00
6.00
4.00
15.00
2.00
4.00
4.00
4.00
8.00
2.00
14.00
3.00
13.00
4.00
5.00
12.00
2.00
8.00
4.00
9.00
5.00
10.00
8.00
4.00
14.00
8.00
7.00
6.00
5.00
9.00
6.00
6.00
6.00
5.00
5.00
3.00
11.00
8.00
34.00
6.00
6.00
6.00
9.00
6.00
2.00
9.00
18.00
4.00
7.00
12.00
6.00
2.00
5.00
2.00
5.00
3.00
10.00
4.00
3.00
10.00
3.00
6.00
6.00
2.00
11.00
10.00
3.00
11.00
6.00
15.00
3.00
5.00
6.00
6.00
5.00
3.00
3.00
6.00
3.00
26.00
2.00
2.00
10.00
2.00
4.00
6.00
6.00
16.00
8.00
11.00
11.00
6.00
9.00
9.00
5.00
6.00
3.00
8.00
3.00
3.00
7.00
4.00
5.00
6.00
5.00
10.00
5.00
4.00
10.00
2.00
5.00
13.00
6.00
5.00
3.00
7.00
9.00
2.00
12.00
9.00
1.00
3.00
9.00
8.00
5.00
3.00
6.00
5.00
5.00
8.00
6.00
7.00
5.00
4.00
3.00
3.00
5.00
9.00
8.00
6.00
9.00
13.00
3.00
5.00
7.00
5.00
18.00
8.00
5.00
9.00
4.00
2.00
14.00
3.00
11.00
6.00
15.00
12.00
8.00
5.00
4.00
6.00
3.00
9.00
7.00
3.00
8.00
8.00
4.00
3.00
4.00
8.00
6.00
7.00
4.00
9.00
5.00
7.00
5.00
4.00
10.00
7.00
8.00
14.00
9.00
4.00
5.00
6.00
5.00
8.00
13.00
5.00
3.00
9.00
1.00
6.00
7.00
4.00
5.00
1.00
2.00
4.00
4.00
7.00
4.00
4.00
3.00
19.00
8.00
7.00
2.00
18.00
5.00
7.00
9.00
4.00
9.00
4.00
3.00
7.00
8.00
11.00
4.00
4.00
4.00
3.00
3.00
6.00
12.00
6.00
7.00
3.00
14.00
7.00
5.00
4.00
4.00
8.00
21.00
9.00
14.00
5.00
2.00
7.00
8.00
5.00
6.00
9.00
2.00
19.00
12.00
1.00
7.00
26.00
5.00
3.00
8.00
4.00
5.00
4.00
31.00
3.00
6.00
2.00
4.00
10.00
6.00
7.00
4.00
3.00
11.00
6.00
4.00
3.00
4.00
4.00
6.00
11.00
3.00
5.00
4.00
6.00
3.00
3.00
5.00
1.00
5.00
2.00
4.00
2.00
6.00
10.00
4.00
4.00
7.00
13.00
4.00
4.00
5.00
3.00
7.00
6.00
3.00
9.00
17.00
4.00
3.00
9.00
3.00
4.00
5.00
