15.00
9.00
4.00
11.00
16.00
35.00
4.00
5.00
11.00
15.00
11.00
7.00
13.00
27.00
14.00
24.00
4.00
12.00
8.00
16.00
7.00
10.00
19.00
6.00
5.00
17.00
13.00
15.00
19.00
6.00
11.00
11.00
13.00
12.00
4.00
8.00
4.00
9.00
4.00
8.00
9.00
4.00
12.00
18.00
3.00
8.00
20.00
12.00
18.00
45.00
13.00
6.00
15.00
12.00
8.00
17.00
17.00
16.00
4.00
24.00
9.00
26.00
24.00
16.00
16.00
28.00
10.00
21.00
13.00
19.00
9.00
6.00
10.00
10.00
11.00
16.00
7.00
7.00
9.00
17.00
7.00
11.00
12.00
17.00
23.00
7.00
6.00
6.00
9.00
5.00
19.00
12.00
4.00
8.00
4.00
7.00
13.00
6.00
11.00
2.00
7.00
10.00
18.00
6.00
6.00
2.00
24.00
5.00
7.00
31.00
14.00
15.00
10.00
12.00
8.00
4.00
12.00
24.00
13.00
27.00
6.00
14.00
18.00
5.00
10.00
7.00
29.00
12.00
9.00
21.00
5.00
16.00
4.00
13.00
11.00
9.00
10.00
8.00
13.00
32.00
11.00
7.00
21.00
8.00
16.00
7.00
10.00
7.00
6.00
11.00
8.00
3.00
16.00
16.00
12.00
40.00
15.00
4.00
9.00
12.00
15.00
7.00
4.00
17.00
8.00
6.00
7.00
26.00
6.00
11.00
4.00
4.00
4.00
3.00
11.00
13.00
6.00
17.00
4.00
18.00
15.00
6.00
11.00
7.00
31.00
21.00
11.00
6.00
19.00
5.00
5.00
12.00
11.00
18.00
12.00
4.00
24.00
4.00
15.00
8.00
19.00
8.00
10.00
4.00
11.00
7.00
6.00
9.00
7.00
4.00
13.00
4.00
4.00
10.00
18.00
19.00
7.00
14.00
11.00
10.00
18.00
7.00
8.00
6.00
14.00
4.00
22.00
4.00
8.00
7.00
7.00
6.00
6.00
12.00
5.00
8.00
10.00
21.00
3.00
9.00
9.00
10.00
45.00
16.00
11.00
14.00
5.00
7.00
14.00
7.00
7.00
16.00
4.00
3.00
2.00
8.00
14.00
6.00
19.00
10.00
16.00
4.00
4.00
15.00
16.00
9.00
5.00
4.00
4.00
10.00
14.00
9.00
7.00
10.00
12.00
10.00
18.00
4.00
11.00
16.00
7.00
9.00
17.00
6.00
7.00
4.00
8.00
6.00
10.00
5.00
7.00
5.00
6.00
4.00
5.00
8.00
19.00
20.00
5.00
9.00
6.00
4.00
26.00
5.00
14.00
15.00
8.00
12.00
10.00
25.00
21.00
11.00
9.00
7.00
6.00
8.00
4.00
6.00
8.00
12.00
10.00
14.00
9.00
7.00
15.00
19.00
13.00
3.00
6.00
10.00
8.00
18.00
5.00
12.00
21.00
7.00
16.00
4.00
6.00
20.00
11.00
4.00
43.00
19.00
8.00
6.00
15.00
6.00
24.00
16.00
23.00
12.00
3.00
27.00
9.00
6.00
9.00
10.00
6.00
8.00
9.00
5.00
5.00
4.00
26.00
7.00
2.00
21.00
3.00
13.00
7.00
25.00
9.00
6.00
16.00
39.00
15.00
7.00
17.00
8.00
21.00
8.00
5.00
30.00
2.00
54.00
9.00
15.00
5.00
13.00
10.00
8.00
3.00
11.00
16.00
7.00
6.00
16.00
17.00
2.00
13.00
11.00
2.00
3.00
4.00
12.00
6.00
8.00
4.00
8.00
6.00
14.00
8.00
10.00
12.00
7.00
6.00
4.00
10.00
7.00
4.00
5.00
5.00
6.00
7.00
10.00
6.00
4.00
15.00
3.00
4.00
11.00
25.00
17.00
12.00
5.00
8.00
15.00
4.00
8.00
26.00
7.00
5.00
4.00
2.00
19.00
25.00
2.00
16.00
9.00
18.00
6.00
12.00
3.00
5.00
20.00
13.00
13.00
7.00
14.00
13.00
28.00
18.00
12.00
6.00
9.00
5.00
23.00
8.00
6.00
15.00
6.00
26.00
6.00
6.00
11.00
13.00
8.00
5.00
20.00
4.00
9.00
3.00
13.00
3.00
13.00
3.00
6.00
2.00
5.00
14.00
5.00
12.00
13.00
3.00
5.00
9.00
7.00
4.00
7.00
9.00
7.00
5.00
8.00
19.00
17.00
7.00
8.00
17.00
4.00
9.00
14.00
3.00
5.00
11.00
6.00
6.00
22.00
3.00
9.00
4.00
6.00
15.00
6.00
6.00
11.00
14.00
4.00
11.00
17.00
3.00
3.00
17.00
11.00
3.00
11.00
9.00
3.00
3.00
13.00
19.00
8.00
5.00
20.00
7.00
4.00
9.00
3.00
9.00
2.00
5.00
1.00
8.00
23.00
5.00
10.00
4.00
2.00
7.00
8.00
18.00
47.00
2.00
6.00
4.00
9.00
2.00
5.00
6.00
4.00
8.00
36.00
23.00
11.00
10.00
8.00
5.00
18.00
5.00
2.00
21.00
11.00
28.00
8.00
6.00
6.00
4.00
8.00
7.00
4.00
8.00
4.00
3.00
17.00
9.00
5.00
6.00
31.00
11.00
12.00
16.00
5.00
18.00
11.00
7.00
10.00
6.00
4.00
4.00
10.00
9.00
9.00
7.00
5.00
20.00
5.00
6.00
7.00
6.00
5.00
2.00
9.00
7.00
9.00
6.00
5.00
9.00
7.00
12.00
7.00
3.00
10.00
4.00
3.00
10.00
21.00
6.00
6.00
3.00
9.00
13.00
12.00
4.00
6.00
4.00
21.00
5.00
2.00
6.00
6.00
6.00
9.00
4.00
10.00
23.00
15.00
22.00
5.00
10.00
4.00
9.00
3.00
9.00
4.00
6.00
3.00
3.00
12.00
18.00
24.00
18.00
5.00
3.00
12.00
19.00
13.00
6.00
10.00
7.00
1.00
4.00
9.00
9.00
6.00
6.00
11.00
4.00
9.00
4.00
3.00
2.00
10.00
2.00
18.00
3.00
10.00
23.00
2.00
8.00
20.00
1.00
5.00
3.00
9.00
2.00
9.00
7.00
11.00
5.00
4.00
2.00
15.00
5.00
5.00
4.00
58.00
7.00
13.00
7.00
4.00
6.00
5.00
3.00
12.00
3.00
11.00
9.00
5.00
6.00
10.00
5.00
17.00
8.00
16.00
8.00
11.00
13.00
2.00
1.00
21.00
5.00
1.00
25.00
6.00
16.00
15.00
3.00
3.00
16.00
13.00
14.00
5.00
1.00
4.00
10.00
3.00
4.00
2.00
11.00
1.00
6.00
24.00
8.00
4.00
12.00
8.00
2.00
7.00
4.00
5.00
9.00
5.00
17.00
6.00
7.00
9.00
20.00
4.00
2.00
7.00
8.00
3.00
40.00
5.00
3.00
2.00
7.00
10.00
1.00
6.00
8.00
5.00
11.00
6.00
4.00
6.00
6.00
3.00
21.00
6.00
