1.00
8.00
12.00
9.00
5.00
7.00
17.00
4.00
3.00
9.00
38.00
20.00
25.00
6.00
48.00
14.00
10.00
28.00
8.00
6.00
14.00
17.00
4.00
4.00
11.00
50.00
23.00
6.00
70.00
21.00
8.00
7.00
8.00
7.00
13.00
6.00
11.00
9.00
15.00
13.00
6.00
4.00
5.00
26.00
11.00
1.00
8.00
28.00
3.00
9.00
21.00
6.00
7.00
15.00
6.00
7.00
22.00
11.00
8.00
21.00
9.00
12.00
12.00
5.00
10.00
9.00
4.00
71.00
5.00
6.00
4.00
10.00
8.00
21.00
9.00
15.00
19.00
44.00
7.00
9.00
2.00
14.00
2.00
14.00
4.00
5.00
22.00
4.00
5.00
12.00
6.00
23.00
5.00
5.00
22.00
7.00
10.00
2.00
10.00
5.00
9.00
12.00
8.00
8.00
6.00
32.00
12.00
6.00
6.00
4.00
6.00
6.00
5.00
18.00
7.00
25.00
7.00
8.00
5.00
6.00
3.00
4.00
5.00
6.00
7.00
18.00
11.00
4.00
7.00
8.00
7.00
12.00
4.00
6.00
8.00
13.00
7.00
7.00
6.00
4.00
38.00
14.00
9.00
14.00
7.00
8.00
7.00
15.00
10.00
7.00
9.00
4.00
26.00
21.00
4.00
8.00
18.00
9.00
8.00
9.00
4.00
6.00
26.00
18.00
4.00
6.00
14.00
15.00
4.00
7.00
16.00
5.00
9.00
7.00
9.00
7.00
9.00
5.00
15.00
8.00
12.00
3.00
4.00
24.00
1.00
5.00
6.00
3.00
5.00
18.00
50.00
4.00
29.00
7.00
8.00
23.00
4.00
10.00
45.00
7.00
17.00
4.00
11.00
11.00
20.00
7.00
4.00
6.00
7.00
4.00
6.00
4.00
16.00
5.00
6.00
13.00
7.00
9.00
5.00
9.00
5.00
5.00
2.00
12.00
8.00
13.00
4.00
6.00
12.00
7.00
8.00
10.00
4.00
7.00
8.00
29.00
11.00
10.00
19.00
10.00
9.00
5.00
6.00
5.00
6.00
7.00
14.00
4.00
10.00
4.00
6.00
5.00
7.00
9.00
6.00
7.00
3.00
3.00
5.00
5.00
5.00
4.00
3.00
5.00
31.00
8.00
16.00
11.00
3.00
4.00
35.00
20.00
22.00
9.00
8.00
3.00
4.00
16.00
4.00
5.00
5.00
5.00
9.00
19.00
3.00
8.00
13.00
7.00
12.00
2.00
8.00
3.00
20.00
15.00
10.00
4.00
2.00
3.00
6.00
3.00
2.00
12.00
6.00
5.00
6.00
16.00
2.00
6.00
10.00
6.00
15.00
19.00
4.00
40.00
3.00
2.00
10.00
7.00
10.00
29.00
6.00
4.00
16.00
11.00
4.00
4.00
7.00
7.00
10.00
8.00
8.00
12.00
7.00
11.00
2.00
2.00
5.00
2.00
7.00
6.00
4.00
17.00
7.00
32.00
6.00
4.00
3.00
9.00
2.00
12.00
7.00
4.00
23.00
5.00
5.00
6.00
15.00
8.00
10.00
5.00
14.00
14.00
10.00
3.00
9.00
4.00
8.00
1.00
10.00
7.00
4.00
10.00
20.00
17.00
6.00
9.00
7.00
4.00
3.00
17.00
2.00
5.00
5.00
10.00
9.00
7.00
4.00
24.00
4.00
9.00
4.00
5.00
10.00
4.00
7.00
8.00
5.00
5.00
4.00
2.00
4.00
5.00
13.00
4.00
3.00
9.00
4.00
4.00
5.00
4.00
3.00
2.00
16.00
6.00
5.00
14.00
7.00
5.00
6.00
12.00
2.00
9.00
7.00
5.00
11.00
7.00
5.00
5.00
2.00
4.00
8.00
2.00
12.00
13.00
4.00
4.00
13.00
2.00
5.00
12.00
29.00
10.00
7.00
6.00
5.00
1.00
5.00
6.00
6.00
7.00
17.00
16.00
5.00
5.00
5.00
10.00
3.00
10.00
8.00
7.00
3.00
6.00
20.00
5.00
4.00
4.00
6.00
46.00
3.00
23.00
3.00
4.00
2.00
3.00
12.00
4.00
21.00
2.00
6.00
3.00
14.00
21.00
5.00
5.00
6.00
3.00
3.00
4.00
3.00
2.00
2.00
5.00
5.00
14.00
9.00
7.00
3.00
8.00
5.00
14.00
15.00
8.00
6.00
15.00
3.00
9.00
4.00
20.00
5.00
2.00
9.00
5.00
2.00
5.00
4.00
8.00
3.00
2.00
3.00
3.00
1.00
9.00
22.00
8.00
2.00
2.00
5.00
4.00
3.00
32.00
8.00
8.00
25.00
3.00
6.00
7.00
2.00
13.00
7.00
5.00
8.00
2.00
8.00
5.00
7.00
11.00
4.00
3.00
3.00
14.00
5.00
4.00
2.00
7.00
6.00
6.00
5.00
8.00
8.00
10.00
2.00
21.00
8.00
9.00
6.00
12.00
9.00
21.00
7.00
7.00
8.00
2.00
1.00
1.00
4.00
7.00
3.00
13.00
4.00
5.00
4.00
1.00
3.00
1.00
11.00
3.00
7.00
8.00
7.00
7.00
8.00
5.00
5.00
8.00
2.00
5.00
9.00
4.00
13.00
34.00
1.00
2.00
4.00
9.00
1.00
2.00
4.00
4.00
4.00
14.00
21.00
4.00
4.00
4.00
11.00
41.00
1.00
2.00
6.00
16.00
7.00
2.00
3.00
13.00
6.00
4.00
3.00
10.00
4.00
4.00
5.00
7.00
3.00
10.00
6.00
3.00
3.00
3.00
1.00
4.00
4.00
5.00
12.00
4.00
4.00
13.00
3.00
3.00
16.00
7.00
3.00
2.00
4.00
2.00
3.00
6.00
2.00
8.00
1.00
8.00
3.00
4.00
8.00
16.00
2.00
2.00
7.00
5.00
4.00
4.00
8.00
4.00
24.00
8.00
9.00
4.00
3.00
6.00
5.00
7.00
8.00
5.00
2.00
3.00
13.00
4.00
4.00
3.00
3.00
4.00
4.00
9.00
8.00
4.00
5.00
1.00
3.00
5.00
4.00
4.00
3.00
4.00
2.00
5.00
2.00
5.00
16.00
1.00
3.00
3.00
1.00
14.00
2.00
4.00
3.00
9.00
5.00
6.00
3.00
7.00
11.00
2.00
3.00
3.00
1.00
6.00
5.00
4.00
3.00
4.00
41.00
4.00
3.00
4.00
12.00
20.00
1.00
3.00
7.00
4.00
6.00
2.00
19.00
1.00
4.00
9.00
2.00
3.00
1.00
2.00
20.00
2.00
17.00
13.00
2.00
8.00
13.00
4.00
1.00
3.00
2.00
4.00
7.00
2.00
1.00
3.00
4.00
4.00
2.00
15.00
5.00
2.00
9.00
4.00
1.00
9.00
3.00
2.00
5.00
38.00
8.00
5.00
8.00
3.00
4.00
7.00
1.00
2.00
9.00
5.00
3.00
2.00
9.00
2.00
6.00
5.00
5.00
2.00
3.00
3.00
