11.00
32.00
12.00
10.00
73.00
6.00
7.00
11.00
20.00
16.00
10.00
22.00
11.00
9.00
14.00
15.00
12.00
5.00
19.00
18.00
35.00
13.00
48.00
13.00
9.00
30.00
11.00
10.00
8.00
7.00
18.00
5.00
20.00
21.00
4.00
8.00
7.00
12.00
6.00
19.00
6.00
21.00
11.00
21.00
14.00
5.00
13.00
9.00
31.00
7.00
7.00
10.00
43.00
8.00
8.00
16.00
17.00
10.00
10.00
28.00
12.00
16.00
6.00
17.00
13.00
38.00
12.00
11.00
59.00
8.00
19.00
31.00
8.00
14.00
12.00
12.00
15.00
10.00
28.00
65.00
17.00
5.00
11.00
14.00
11.00
4.00
6.00
31.00
10.00
7.00
17.00
17.00
17.00
17.00
11.00
1.00
13.00
23.00
41.00
16.00
6.00
18.00
14.00
10.00
8.00
21.00
14.00
11.00
14.00
18.00
16.00
12.00
11.00
40.00
5.00
12.00
12.00
10.00
17.00
13.00
12.00
18.00
7.00
10.00
13.00
12.00
16.00
10.00
25.00
13.00
19.00
5.00
8.00
6.00
16.00
7.00
8.00
11.00
18.00
19.00
8.00
13.00
41.00
7.00
3.00
9.00
13.00
8.00
10.00
12.00
14.00
14.00
7.00
16.00
17.00
16.00
25.00
14.00
20.00
15.00
22.00
10.00
10.00
15.00
7.00
40.00
11.00
52.00
16.00
14.00
13.00
6.00
12.00
13.00
16.00
22.00
10.00
7.00
16.00
12.00
23.00
13.00
11.00
21.00
13.00
14.00
9.00
27.00
10.00
17.00
16.00
11.00
28.00
36.00
14.00
7.00
19.00
12.00
10.00
15.00
29.00
7.00
10.00
17.00
25.00
16.00
7.00
11.00
12.00
15.00
17.00
14.00
15.00
7.00
2.00
12.00
9.00
15.00
37.00
22.00
33.00
12.00
22.00
9.00
15.00
12.00
12.00
15.00
15.00
25.00
20.00
14.00
9.00
8.00
17.00
4.00
9.00
12.00
3.00
11.00
20.00
10.00
14.00
15.00
15.00
24.00
29.00
15.00
14.00
9.00
8.00
12.00
15.00
5.00
7.00
15.00
16.00
8.00
13.00
15.00
13.00
20.00
18.00
9.00
14.00
14.00
8.00
3.00
11.00
2.00
19.00
31.00
10.00
16.00
15.00
14.00
10.00
20.00
16.00
15.00
14.00
16.00
10.00
10.00
18.00
16.00
9.00
17.00
29.00
40.00
7.00
7.00
16.00
41.00
12.00
6.00
36.00
23.00
9.00
15.00
7.00
14.00
15.00
8.00
14.00
17.00
13.00
20.00
10.00
11.00
10.00
18.00
14.00
12.00
14.00
8.00
8.00
15.00
8.00
6.00
6.00
4.00
16.00
10.00
17.00
23.00
23.00
12.00
18.00
21.00
8.00
13.00
24.00
12.00
6.00
5.00
8.00
6.00
14.00
8.00
8.00
11.00
4.00
8.00
7.00
10.00
10.00
11.00
5.00
7.00
11.00
3.00
18.00
10.00
18.00
10.00
9.00
6.00
14.00
3.00
15.00
14.00
13.00
13.00
8.00
5.00
14.00
9.00
9.00
3.00
10.00
5.00
5.00
14.00
12.00
10.00
8.00
8.00
10.00
45.00
7.00
10.00
24.00
11.00
11.00
7.00
6.00
13.00
12.00
20.00
15.00
9.00
15.00
16.00
9.00
8.00
17.00
24.00
10.00
9.00
12.00
14.00
13.00
10.00
11.00
3.00
9.00
9.00
10.00
8.00
7.00
3.00
84.00
8.00
12.00
8.00
11.00
15.00
10.00
11.00
36.00
8.00
6.00
45.00
19.00
5.00
4.00
16.00
8.00
9.00
18.00
21.00
15.00
13.00
13.00
17.00
14.00
9.00
7.00
18.00
18.00
8.00
37.00
9.00
13.00
19.00
42.00
14.00
9.00
13.00
22.00
9.00
8.00
23.00
7.00
34.00
9.00
16.00
9.00
14.00
4.00
10.00
9.00
5.00
16.00
7.00
14.00
5.00
9.00
5.00
11.00
11.00
10.00
8.00
12.00
9.00
18.00
16.00
11.00
9.00
7.00
8.00
13.00
21.00
9.00
13.00
7.00
15.00
8.00
10.00
10.00
10.00
5.00
13.00
7.00
14.00
10.00
8.00
17.00
7.00
14.00
10.00
18.00
10.00
11.00
8.00
11.00
4.00
8.00
10.00
4.00
12.00
21.00
3.00
10.00
36.00
14.00
4.00
8.00
5.00
7.00
9.00
16.00
12.00
12.00
5.00
35.00
16.00
7.00
20.00
13.00
13.00
14.00
14.00
12.00
9.00
4.00
21.00
11.00
8.00
19.00
10.00
14.00
15.00
13.00
6.00
27.00
17.00
22.00
9.00
13.00
17.00
10.00
10.00
11.00
7.00
7.00
10.00
10.00
17.00
7.00
11.00
9.00
9.00
3.00
21.00
10.00
12.00
7.00
10.00
11.00
6.00
20.00
9.00
7.00
7.00
11.00
11.00
28.00
9.00
20.00
12.00
16.00
14.00
16.00
14.00
11.00
8.00
9.00
9.00
10.00
8.00
11.00
13.00
7.00
6.00
10.00
12.00
7.00
19.00
10.00
6.00
12.00
10.00
6.00
9.00
12.00
14.00
12.00
9.00
9.00
32.00
15.00
11.00
11.00
8.00
17.00
10.00
10.00
7.00
12.00
8.00
7.00
15.00
13.00
10.00
7.00
7.00
3.00
10.00
11.00
9.00
13.00
7.00
18.00
6.00
12.00
12.00
9.00
7.00
6.00
25.00
19.00
13.00
13.00
15.00
16.00
21.00
11.00
8.00
12.00
13.00
14.00
7.00
21.00
8.00
7.00
11.00
20.00
6.00
7.00
13.00
29.00
6.00
9.00
8.00
6.00
12.00
7.00
13.00
11.00
6.00
9.00
7.00
4.00
16.00
4.00
5.00
8.00
11.00
17.00
9.00
7.00
11.00
11.00
6.00
7.00
8.00
6.00
6.00
17.00
11.00
8.00
6.00
5.00
13.00
9.00
12.00
4.00
11.00
9.00
12.00
7.00
11.00
10.00
11.00
12.00
10.00
5.00
10.00
8.00
4.00
9.00
3.00
11.00
11.00
9.00
9.00
10.00
7.00
9.00
8.00
7.00
28.00
11.00
7.00
5.00
9.00
7.00
14.00
14.00
5.00
10.00
6.00
8.00
9.00
10.00
12.00
9.00
6.00
13.00
3.00
5.00
6.00
11.00
7.00
13.00
7.00
9.00
6.00
11.00
10.00
20.00
8.00
5.00
8.00
18.00
6.00
12.00
9.00
15.00
11.00
6.00
11.00
14.00
46.00
13.00
13.00
7.00
15.00
7.00
37.00
9.00
5.00
17.00
6.00
8.00
10.00
12.00
12.00
16.00
14.00
7.00
6.00
8.00
10.00
12.00
4.00
8.00
17.00
8.00
17.00
14.00
12.00
3.00
5.00
11.00
4.00
10.00
12.00
