3.00
12.00
33.00
6.00
27.00
5.00
6.00
13.00
9.00
11.00
3.00
109.00
8.00
6.00
7.00
35.00
33.00
7.00
7.00
14.00
13.00
18.00
14.00
13.00
9.00
13.00
9.00
1.00
14.00
6.00
9.00
10.00
10.00
6.00
10.00
11.00
13.00
12.00
9.00
6.00
7.00
13.00
5.00
15.00
15.00
21.00
11.00
54.00
7.00
23.00
7.00
12.00
4.00
8.00
9.00
12.00
6.00
85.00
12.00
5.00
8.00
37.00
7.00
8.00
6.00
14.00
12.00
15.00
7.00
5.00
10.00
2.00
3.00
9.00
8.00
4.00
11.00
11.00
17.00
1.00
15.00
9.00
22.00
5.00
3.00
89.00
3.00
9.00
18.00
10.00
8.00
14.00
7.00
16.00
18.00
6.00
1.00
2.00
6.00
2.00
12.00
13.00
9.00
9.00
10.00
5.00
9.00
4.00
10.00
16.00
7.00
11.00
4.00
6.00
9.00
9.00
5.00
6.00
10.00
5.00
16.00
14.00
15.00
10.00
9.00
5.00
6.00
7.00
14.00
16.00
10.00
6.00
9.00
6.00
6.00
7.00
26.00
17.00
3.00
2.00
57.00
5.00
8.00
8.00
21.00
3.00
4.00
4.00
9.00
8.00
4.00
11.00
6.00
6.00
7.00
11.00
44.00
18.00
3.00
6.00
13.00
12.00
9.00
67.00
5.00
10.00
13.00
8.00
8.00
4.00
10.00
7.00
6.00
8.00
3.00
13.00
27.00
27.00
15.00
41.00
16.00
8.00
4.00
9.00
10.00
13.00
9.00
5.00
8.00
8.00
9.00
19.00
4.00
13.00
13.00
6.00
13.00
56.00
7.00
7.00
13.00
14.00
10.00
14.00
5.00
7.00
4.00
4.00
7.00
18.00
11.00
8.00
11.00
4.00
9.00
8.00
8.00
24.00
9.00
18.00
11.00
10.00
8.00
10.00
4.00
2.00
8.00
6.00
10.00
8.00
10.00
9.00
10.00
8.00
21.00
8.00
7.00
23.00
9.00
5.00
4.00
10.00
5.00
9.00
19.00
13.00
6.00
22.00
9.00
3.00
5.00
9.00
8.00
10.00
10.00
6.00
3.00
10.00
5.00
4.00
2.00
6.00
8.00
12.00
21.00
6.00
17.00
13.00
22.00
9.00
2.00
7.00
3.00
13.00
13.00
4.00
11.00
13.00
19.00
11.00
5.00
16.00
15.00
11.00
7.00
10.00
27.00
6.00
8.00
5.00
5.00
8.00
20.00
9.00
26.00
5.00
4.00
6.00
7.00
18.00
8.00
7.00
35.00
4.00
10.00
11.00
10.00
7.00
13.00
20.00
13.00
7.00
6.00
17.00
14.00
9.00
8.00
11.00
9.00
4.00
36.00
4.00
10.00
8.00
9.00
7.00
11.00
5.00
4.00
6.00
9.00
4.00
17.00
5.00
2.00
3.00
5.00
4.00
3.00
15.00
13.00
11.00
5.00
7.00
6.00
6.00
13.00
3.00
6.00
9.00
11.00
6.00
7.00
24.00
3.00
13.00
7.00
25.00
10.00
12.00
4.00
8.00
10.00
9.00
15.00
12.00
15.00
7.00
7.00
6.00
12.00
24.00
5.00
8.00
5.00
11.00
7.00
4.00
4.00
12.00
8.00
1.00
8.00
5.00
9.00
5.00
8.00
11.00
5.00
8.00
8.00
7.00
7.00
9.00
4.00
11.00
7.00
8.00
23.00
4.00
9.00
9.00
4.00
5.00
8.00
5.00
9.00
5.00
8.00
10.00
5.00
4.00
4.00
10.00
33.00
20.00
28.00
7.00
13.00
7.00
7.00
3.00
11.00
4.00
11.00
2.00
11.00
6.00
4.00
4.00
10.00
2.00
8.00
6.00
12.00
5.00
25.00
9.00
6.00
17.00
7.00
16.00
10.00
3.00
8.00
5.00
4.00
18.00
9.00
16.00
18.00
4.00
10.00
43.00
109.00
5.00
3.00
8.00
5.00
4.00
8.00
5.00
5.00
11.00
14.00
5.00
5.00
10.00
4.00
7.00
5.00
9.00
5.00
5.00
12.00
6.00
4.00
8.00
8.00
1.00
7.00
5.00
4.00
4.00
12.00
8.00
18.00
7.00
18.00
12.00
9.00
6.00
6.00
4.00
3.00
4.00
9.00
10.00
5.00
2.00
3.00
10.00
9.00
3.00
6.00
9.00
7.00
6.00
22.00
8.00
5.00
8.00
7.00
8.00
3.00
2.00
6.00
7.00
7.00
26.00
8.00
4.00
7.00
4.00
6.00
2.00
11.00
3.00
9.00
2.00
6.00
15.00
6.00
3.00
19.00
4.00
2.00
14.00
8.00
6.00
8.00
5.00
4.00
6.00
45.00
10.00
6.00
3.00
5.00
3.00
5.00
5.00
9.00
5.00
5.00
10.00
7.00
2.00
5.00
6.00
3.00
6.00
7.00
4.00
13.00
8.00
4.00
16.00
14.00
9.00
3.00
7.00
3.00
11.00
6.00
7.00
7.00
7.00
2.00
8.00
13.00
8.00
9.00
7.00
6.00
7.00
4.00
8.00
6.00
17.00
6.00
5.00
12.00
10.00
6.00
24.00
8.00
54.00
14.00
6.00
4.00
11.00
5.00
4.00
4.00
6.00
3.00
5.00
8.00
4.00
9.00
4.00
4.00
16.00
5.00
3.00
6.00
36.00
5.00
4.00
6.00
8.00
6.00
10.00
29.00
3.00
13.00
2.00
6.00
6.00
9.00
8.00
8.00
11.00
20.00
5.00
5.00
1.00
2.00
22.00
2.00
10.00
24.00
10.00
8.00
3.00
4.00
7.00
2.00
5.00
6.00
2.00
7.00
9.00
7.00
9.00
6.00
2.00
5.00
12.00
4.00
4.00
3.00
6.00
7.00
6.00
7.00
4.00
10.00
9.00
8.00
2.00
10.00
3.00
3.00
6.00
7.00
11.00
5.00
4.00
3.00
5.00
5.00
5.00
12.00
3.00
5.00
13.00
4.00
11.00
5.00
4.00
4.00
4.00
29.00
8.00
4.00
6.00
2.00
11.00
2.00
14.00
5.00
2.00
5.00
10.00
11.00
4.00
2.00
12.00
5.00
3.00
6.00
2.00
6.00
9.00
4.00
6.00
9.00
7.00
3.00
5.00
6.00
6.00
12.00
14.00
4.00
13.00
2.00
7.00
9.00
8.00
5.00
6.00
4.00
5.00
5.00
5.00
10.00
12.00
4.00
7.00
8.00
7.00
11.00
2.00
10.00
3.00
7.00
4.00
10.00
11.00
11.00
9.00
15.00
8.00
7.00
9.00
18.00
3.00
5.00
3.00
2.00
12.00
3.00
5.00
7.00
7.00
4.00
7.00
5.00
8.00
4.00
18.00
4.00
4.00
11.00
1.00
4.00
5.00
6.00
5.00
4.00
3.00
12.00
2.00
12.00
4.00
2.00
1.00
11.00
4.00
1.00
4.00
5.00
8.00
5.00
6.00
3.00
6.00
