6.00
12.00
17.00
5.00
6.00
15.00
17.00
13.00
12.00
1.00
10.00
33.00
22.00
10.00
8.00
12.00
27.00
11.00
27.00
17.00
14.00
6.00
4.00
8.00
14.00
24.00
11.00
15.00
12.00
8.00
17.00
14.00
10.00
8.00
5.00
22.00
15.00
12.00
34.00
4.00
14.00
21.00
13.00
15.00
19.00
6.00
29.00
13.00
11.00
9.00
29.00
14.00
13.00
10.00
26.00
9.00
4.00
19.00
15.00
7.00
49.00
35.00
12.00
11.00
2.00
10.00
14.00
7.00
8.00
10.00
9.00
10.00
6.00
5.00
11.00
41.00
10.00
26.00
5.00
20.00
14.00
5.00
2.00
19.00
7.00
7.00
38.00
22.00
4.00
15.00
21.00
8.00
12.00
6.00
16.00
8.00
11.00
12.00
3.00
9.00
6.00
12.00
10.00
8.00
13.00
23.00
13.00
4.00
59.00
18.00
13.00
4.00
5.00
8.00
20.00
12.00
11.00
9.00
12.00
16.00
18.00
10.00
10.00
10.00
17.00
10.00
13.00
13.00
15.00
13.00
4.00
12.00
14.00
8.00
8.00
4.00
22.00
9.00
10.00
37.00
15.00
6.00
11.00
4.00
11.00
10.00
13.00
27.00
23.00
7.00
11.00
5.00
14.00
25.00
4.00
38.00
10.00
10.00
9.00
7.00
7.00
16.00
4.00
4.00
15.00
7.00
6.00
10.00
6.00
10.00
6.00
8.00
12.00
21.00
18.00
14.00
6.00
20.00
62.00
15.00
18.00
7.00
27.00
20.00
24.00
8.00
5.00
9.00
33.00
9.00
11.00
9.00
6.00
7.00
7.00
13.00
9.00
28.00
20.00
14.00
10.00
18.00
8.00
10.00
6.00
24.00
25.00
6.00
6.00
4.00
10.00
13.00
7.00
10.00
9.00
14.00
7.00
10.00
4.00
20.00
10.00
6.00
16.00
28.00
11.00
16.00
6.00
61.00
11.00
6.00
8.00
17.00
14.00
11.00
21.00
8.00
17.00
13.00
7.00
3.00
9.00
9.00
5.00
7.00
31.00
3.00
8.00
7.00
4.00
10.00
25.00
7.00
16.00
11.00
7.00
26.00
12.00
12.00
10.00
5.00
7.00
13.00
57.00
3.00
3.00
17.00
3.00
23.00
6.00
9.00
29.00
4.00
16.00
6.00
9.00
7.00
4.00
6.00
7.00
21.00
2.00
4.00
43.00
12.00
12.00
5.00
14.00
15.00
5.00
9.00
9.00
9.00
6.00
6.00
7.00
8.00
7.00
4.00
14.00
2.00
11.00
12.00
4.00
11.00
6.00
13.00
24.00
6.00
11.00
35.00
6.00
11.00
5.00
12.00
9.00
11.00
22.00
8.00
8.00
7.00
5.00
4.00
14.00
4.00
8.00
5.00
3.00
8.00
6.00
10.00
22.00
5.00
65.00
10.00
20.00
28.00
12.00
11.00
12.00
6.00
4.00
6.00
9.00
19.00
5.00
30.00
5.00
13.00
5.00
10.00
7.00
6.00
29.00
9.00
7.00
4.00
8.00
32.00
5.00
16.00
6.00
10.00
6.00
13.00
9.00
5.00
2.00
7.00
15.00
20.00
3.00
29.00
11.00
5.00
15.00
5.00
5.00
26.00
5.00
9.00
8.00
14.00
7.00
13.00
7.00
17.00
7.00
20.00
12.00
6.00
13.00
6.00
18.00
16.00
12.00
6.00
5.00
8.00
2.00
11.00
7.00
6.00
6.00
8.00
10.00
8.00
3.00
12.00
12.00
6.00
6.00
12.00
5.00
6.00
23.00
26.00
5.00
26.00
9.00
13.00
7.00
11.00
9.00
7.00
3.00
9.00
6.00
10.00
4.00
8.00
7.00
17.00
9.00
31.00
12.00
19.00
23.00
12.00
6.00
18.00
8.00
13.00
5.00
7.00
3.00
9.00
6.00
17.00
9.00
7.00
5.00
11.00
6.00
3.00
16.00
7.00
12.00
8.00
5.00
8.00
5.00
12.00
26.00
12.00
11.00
13.00
9.00
11.00
4.00
9.00
7.00
2.00
11.00
6.00
6.00
6.00
4.00
9.00
2.00
7.00
6.00
6.00
8.00
3.00
9.00
17.00
3.00
93.00
6.00
4.00
3.00
2.00
8.00
4.00
5.00
12.00
8.00
9.00
7.00
7.00
5.00
4.00
3.00
7.00
8.00
12.00
12.00
62.00
9.00
3.00
9.00
6.00
15.00
32.00
10.00
12.00
16.00
11.00
7.00
3.00
18.00
9.00
2.00
14.00
68.00
4.00
6.00
1.00
4.00
24.00
6.00
5.00
9.00
7.00
5.00
10.00
3.00
2.00
3.00
9.00
5.00
7.00
21.00
3.00
5.00
3.00
4.00
7.00
2.00
6.00
9.00
9.00
11.00
8.00
2.00
6.00
7.00
2.00
9.00
37.00
5.00
14.00
14.00
8.00
7.00
7.00
10.00
4.00
3.00
7.00
13.00
4.00
5.00
5.00
4.00
12.00
5.00
6.00
3.00
9.00
5.00
6.00
4.00
25.00
12.00
8.00
9.00
5.00
2.00
14.00
12.00
46.00
9.00
32.00
5.00
5.00
8.00
4.00
5.00
4.00
8.00
26.00
4.00
11.00
9.00
6.00
2.00
9.00
2.00
8.00
4.00
14.00
16.00
8.00
6.00
10.00
9.00
7.00
17.00
10.00
4.00
11.00
9.00
14.00
5.00
11.00
3.00
9.00
2.00
7.00
6.00
5.00
8.00
24.00
6.00
25.00
10.00
6.00
10.00
28.00
3.00
6.00
2.00
5.00
4.00
3.00
22.00
2.00
2.00
17.00
2.00
5.00
6.00
8.00
5.00
12.00
5.00
10.00
6.00
6.00
11.00
2.00
6.00
5.00
3.00
5.00
2.00
8.00
6.00
3.00
9.00
4.00
2.00
9.00
10.00
5.00
6.00
13.00
3.00
7.00
22.00
8.00
7.00
5.00
11.00
3.00
2.00
8.00
2.00
6.00
4.00
17.00
2.00
6.00
10.00
3.00
6.00
9.00
6.00
6.00
7.00
7.00
5.00
2.00
7.00
6.00
8.00
8.00
6.00
9.00
6.00
21.00
8.00
5.00
16.00
17.00
12.00
3.00
8.00
4.00
5.00
13.00
7.00
7.00
6.00
4.00
12.00
10.00
10.00
7.00
7.00
14.00
12.00
1.00
7.00
3.00
1.00
7.00
8.00
4.00
27.00
8.00
1.00
31.00
9.00
8.00
4.00
4.00
3.00
5.00
8.00
7.00
6.00
8.00
9.00
21.00
5.00
20.00
5.00
5.00
7.00
6.00
3.00
1.00
6.00
5.00
15.00
7.00
45.00
5.00
2.00
4.00
8.00
47.00
15.00
4.00
18.00
2.00
6.00
3.00
3.00
6.00
10.00
3.00
4.00
22.00
27.00
5.00
14.00
7.00
3.00
4.00
2.00
3.00
1.00
9.00
5.00
1.00
7.00
7.00
