8.00
14.00
4.00
14.00
48.00
6.00
4.00
61.00
3.00
5.00
8.00
24.00
12.00
19.00
65.00
24.00
8.00
12.00
10.00
5.00
4.00
35.00
5.00
5.00
9.00
5.00
7.00
5.00
2.00
9.00
8.00
8.00
13.00
20.00
41.00
33.00
7.00
11.00
3.00
5.00
15.00
5.00
15.00
6.00
90.00
6.00
15.00
5.00
3.00
49.00
13.00
10.00
6.00
9.00
10.00
11.00
7.00
5.00
16.00
8.00
17.00
15.00
17.00
12.00
10.00
4.00
51.00
9.00
19.00
4.00
11.00
12.00
3.00
11.00
26.00
9.00
16.00
4.00
6.00
12.00
5.00
43.00
11.00
7.00
3.00
9.00
10.00
16.00
8.00
11.00
5.00
65.00
7.00
7.00
10.00
10.00
11.00
11.00
10.00
8.00
10.00
5.00
14.00
12.00
9.00
4.00
42.00
9.00
12.00
5.00
5.00
5.00
6.00
8.00
6.00
16.00
9.00
11.00
11.00
12.00
39.00
4.00
17.00
9.00
14.00
15.00
10.00
19.00
8.00
43.00
3.00
44.00
15.00
4.00
17.00
4.00
12.00
16.00
6.00
4.00
18.00
15.00
11.00
11.00
8.00
4.00
18.00
16.00
4.00
8.00
9.00
12.00
31.00
8.00
12.00
5.00
16.00
5.00
6.00
10.00
3.00
4.00
7.00
4.00
3.00
7.00
11.00
25.00
6.00
16.00
4.00
3.00
2.00
16.00
6.00
8.00
4.00
6.00
14.00
4.00
4.00
15.00
9.00
4.00
9.00
13.00
11.00
7.00
15.00
8.00
9.00
10.00
3.00
12.00
6.00
7.00
11.00
7.00
7.00
7.00
8.00
8.00
8.00
9.00
4.00
7.00
6.00
11.00
9.00
3.00
7.00
5.00
7.00
10.00
15.00
9.00
4.00
11.00
14.00
9.00
53.00
5.00
8.00
4.00
17.00
36.00
10.00
11.00
9.00
12.00
9.00
7.00
7.00
4.00
12.00
17.00
11.00
24.00
6.00
10.00
12.00
10.00
8.00
10.00
7.00
11.00
13.00
3.00
29.00
11.00
18.00
35.00
8.00
10.00
7.00
19.00
10.00
7.00
7.00
8.00
5.00
10.00
13.00
5.00
3.00
8.00
4.00
8.00
9.00
3.00
12.00
9.00
11.00
6.00
8.00
10.00
6.00
32.00
9.00
8.00
9.00
5.00
8.00
8.00
9.00
6.00
11.00
26.00
5.00
11.00
9.00
8.00
6.00
9.00
4.00
13.00
9.00
3.00
6.00
8.00
6.00
7.00
10.00
22.00
15.00
5.00
28.00
13.00
10.00
15.00
5.00
9.00
10.00
5.00
8.00
7.00
5.00
7.00
3.00
5.00
9.00
3.00
4.00
14.00
11.00
17.00
6.00
3.00
25.00
4.00
4.00
9.00
6.00
5.00
7.00
7.00
9.00
27.00
3.00
3.00
20.00
12.00
8.00
3.00
6.00
12.00
13.00
6.00
7.00
4.00
3.00
7.00
5.00
14.00
5.00
9.00
10.00
6.00
6.00
5.00
60.00
6.00
12.00
7.00
5.00
14.00
6.00
10.00
14.00
6.00
8.00
4.00
10.00
8.00
6.00
3.00
3.00
9.00
7.00
7.00
10.00
6.00
5.00
8.00
3.00
23.00
6.00
7.00
8.00
13.00
8.00
17.00
7.00
2.00
6.00
5.00
8.00
2.00
9.00
9.00
8.00
27.00
9.00
8.00
5.00
4.00
8.00
3.00
12.00
17.00
6.00
4.00
9.00
10.00
5.00
8.00
6.00
10.00
7.00
7.00
5.00
9.00
7.00
5.00
8.00
11.00
10.00
6.00
7.00
5.00
6.00
6.00
9.00
5.00
7.00
29.00
28.00
5.00
8.00
9.00
8.00
16.00
8.00
3.00
22.00
8.00
4.00
16.00
8.00
7.00
6.00
6.00
4.00
5.00
40.00
4.00
6.00
7.00
8.00
5.00
6.00
2.00
6.00
8.00
3.00
7.00
7.00
5.00
7.00
6.00
5.00
5.00
12.00
6.00
4.00
6.00
5.00
3.00
9.00
5.00
6.00
6.00
4.00
7.00
20.00
9.00
9.00
7.00
6.00
22.00
11.00
9.00
6.00
13.00
6.00
6.00
6.00
4.00
8.00
3.00
4.00
5.00
4.00
8.00
3.00
4.00
11.00
8.00
7.00
7.00
16.00
9.00
7.00
3.00
3.00
3.00
4.00
7.00
10.00
18.00
11.00
6.00
3.00
5.00
11.00
4.00
6.00
9.00
8.00
10.00
11.00
11.00
10.00
6.00
7.00
9.00
5.00
3.00
8.00
3.00
11.00
7.00
7.00
6.00
5.00
5.00
2.00
3.00
8.00
6.00
8.00
8.00
9.00
5.00
2.00
19.00
6.00
7.00
8.00
3.00
11.00
5.00
3.00
5.00
9.00
11.00
6.00
16.00
3.00
5.00
2.00
5.00
11.00
3.00
4.00
6.00
6.00
9.00
4.00
9.00
8.00
2.00
5.00
10.00
8.00
2.00
29.00
5.00
6.00
2.00
9.00
3.00
8.00
19.00
8.00
13.00
12.00
5.00
3.00
5.00
3.00
8.00
4.00
6.00
9.00
3.00
6.00
7.00
4.00
7.00
6.00
6.00
9.00
4.00
9.00
6.00
1.00
6.00
2.00
11.00
4.00
7.00
4.00
5.00
4.00
6.00
11.00
11.00
7.00
7.00
5.00
7.00
4.00
11.00
6.00
5.00
5.00
7.00
6.00
17.00
3.00
4.00
2.00
8.00
8.00
6.00
15.00
6.00
6.00
9.00
6.00
9.00
3.00
12.00
6.00
8.00
3.00
29.00
2.00
14.00
4.00
2.00
5.00
5.00
4.00
5.00
9.00
2.00
9.00
6.00
4.00
4.00
5.00
5.00
5.00
6.00
10.00
3.00
11.00
8.00
17.00
6.00
7.00
5.00
3.00
13.00
20.00
5.00
11.00
4.00
16.00
7.00
4.00
7.00
8.00
5.00
5.00
9.00
8.00
4.00
2.00
2.00
7.00
4.00
7.00
4.00
6.00
3.00
3.00
5.00
5.00
1.00
5.00
10.00
22.00
6.00
4.00
6.00
3.00
5.00
10.00
9.00
9.00
9.00
15.00
8.00
5.00
5.00
3.00
9.00
4.00
18.00
3.00
11.00
8.00
5.00
5.00
18.00
7.00
13.00
12.00
11.00
4.00
2.00
4.00
4.00
1.00
11.00
7.00
7.00
6.00
3.00
7.00
6.00
4.00
5.00
3.00
7.00
2.00
2.00
5.00
5.00
4.00
7.00
6.00
3.00
6.00
3.00
4.00
6.00
4.00
6.00
7.00
11.00
7.00
3.00
3.00
2.00
3.00
3.00
3.00
1.00
6.00
12.00
9.00
6.00
3.00
3.00
4.00
8.00
10.00
4.00
3.00
5.00
8.00
1.00
3.00
15.00
5.00
2.00
