17.00
18.00
25.00
12.00
25.00
33.00
9.00
22.00
15.00
25.00
12.00
10.00
14.00
20.00
7.00
25.00
15.00
25.00
12.00
2.00
16.00
52.00
16.00
7.00
77.00
52.00
9.00
48.00
11.00
23.00
16.00
11.00
24.00
18.00
17.00
13.00
13.00
21.00
31.00
14.00
8.00
30.00
9.00
12.00
12.00
23.00
11.00
24.00
11.00
21.00
70.00
14.00
16.00
5.00
41.00
72.00
6.00
11.00
8.00
18.00
10.00
17.00
45.00
22.00
18.00
18.00
19.00
9.00
19.00
10.00
15.00
40.00
20.00
54.00
21.00
10.00
14.00
20.00
14.00
16.00
23.00
93.00
14.00
14.00
22.00
9.00
15.00
17.00
61.00
7.00
8.00
10.00
15.00
18.00
10.00
16.00
3.00
14.00
11.00
22.00
7.00
13.00
21.00
19.00
19.00
24.00
14.00
14.00
12.00
13.00
10.00
16.00
4.00
11.00
20.00
13.00
15.00
40.00
27.00
31.00
3.00
19.00
10.00
14.00
25.00
16.00
14.00
8.00
11.00
25.00
64.00
19.00
11.00
20.00
13.00
15.00
18.00
6.00
16.00
8.00
43.00
12.00
11.00
22.00
47.00
7.00
24.00
15.00
9.00
4.00
8.00
33.00
13.00
15.00
26.00
12.00
9.00
22.00
13.00
19.00
22.00
11.00
5.00
8.00
27.00
18.00
12.00
16.00
15.00
46.00
77.00
15.00
21.00
7.00
14.00
12.00
11.00
17.00
16.00
23.00
12.00
25.00
31.00
2.00
13.00
12.00
3.00
16.00
6.00
37.00
17.00
14.00
9.00
21.00
15.00
28.00
10.00
16.00
5.00
12.00
5.00
15.00
18.00
10.00
40.00
15.00
9.00
9.00
8.00
14.00
8.00
10.00
8.00
20.00
35.00
16.00
4.00
38.00
22.00
18.00
32.00
10.00
12.00
2.00
19.00
5.00
16.00
19.00
21.00
11.00
25.00
12.00
17.00
5.00
34.00
23.00
5.00
51.00
8.00
11.00
8.00
19.00
7.00
28.00
18.00
7.00
13.00
11.00
16.00
8.00
5.00
6.00
21.00
8.00
5.00
25.00
11.00
8.00
20.00
17.00
14.00
11.00
11.00
21.00
21.00
9.00
16.00
25.00
10.00
32.00
11.00
15.00
12.00
55.00
16.00
12.00
15.00
8.00
13.00
19.00
7.00
13.00
12.00
19.00
12.00
28.00
43.00
16.00
38.00
11.00
4.00
43.00
16.00
10.00
10.00
23.00
7.00
2.00
38.00
10.00
10.00
12.00
18.00
10.00
3.00
13.00
17.00
9.00
21.00
6.00
23.00
17.00
14.00
10.00
34.00
17.00
9.00
8.00
16.00
7.00
15.00
22.00
9.00
12.00
6.00
15.00
11.00
7.00
38.00
10.00
9.00
12.00
9.00
16.00
14.00
8.00
14.00
29.00
11.00
3.00
6.00
10.00
7.00
17.00
17.00
34.00
14.00
11.00
27.00
18.00
14.00
16.00
4.00
15.00
13.00
6.00
21.00
13.00
13.00
39.00
12.00
24.00
20.00
6.00
25.00
4.00
7.00
12.00
8.00
24.00
14.00
9.00
57.00
20.00
23.00
18.00
10.00
14.00
18.00
10.00
37.00
17.00
9.00
9.00
8.00
7.00
15.00
10.00
32.00
4.00
12.00
27.00
10.00
13.00
12.00
21.00
9.00
14.00
21.00
15.00
10.00
26.00
13.00
13.00
17.00
3.00
25.00
14.00
24.00
9.00
16.00
6.00
12.00
14.00
31.00
20.00
14.00
10.00
11.00
23.00
37.00
15.00
8.00
11.00
5.00
19.00
19.00
6.00
27.00
10.00
11.00
9.00
19.00
13.00
12.00
9.00
11.00
37.00
6.00
6.00
33.00
20.00
7.00
9.00
13.00
14.00
16.00
13.00
18.00
16.00
11.00
22.00
15.00
14.00
27.00
25.00
59.00
16.00
12.00
6.00
21.00
9.00
12.00
2.00
10.00
13.00
13.00
5.00
16.00
20.00
5.00
13.00
11.00
18.00
9.00
12.00
6.00
13.00
34.00
32.00
24.00
5.00
9.00
12.00
16.00
13.00
11.00
22.00
9.00
7.00
5.00
20.00
49.00
33.00
14.00
22.00
38.00
8.00
17.00
20.00
15.00
4.00
8.00
9.00
9.00
3.00
19.00
8.00
8.00
11.00
28.00
44.00
42.00
15.00
8.00
16.00
17.00
10.00
16.00
8.00
7.00
6.00
8.00
8.00
7.00
14.00
23.00
3.00
9.00
18.00
9.00
27.00
13.00
10.00
22.00
9.00
7.00
11.00
9.00
3.00
37.00
75.00
23.00
25.00
5.00
21.00
12.00
18.00
42.00
13.00
4.00
11.00
23.00
12.00
14.00
9.00
8.00
11.00
9.00
8.00
14.00
22.00
6.00
14.00
7.00
16.00
20.00
4.00
4.00
4.00
8.00
51.00
17.00
13.00
8.00
11.00
41.00
11.00
14.00
12.00
15.00
10.00
10.00
18.00
21.00
8.00
10.00
10.00
4.00
10.00
4.00
22.00
4.00
19.00
12.00
10.00
11.00
6.00
20.00
12.00
20.00
40.00
18.00
5.00
33.00
13.00
5.00
15.00
9.00
10.00
5.00
3.00
8.00
29.00
8.00
7.00
5.00
8.00
13.00
17.00
8.00
10.00
4.00
6.00
21.00
12.00
17.00
12.00
17.00
7.00
10.00
19.00
8.00
10.00
22.00
14.00
5.00
8.00
11.00
9.00
3.00
17.00
5.00
5.00
6.00
16.00
10.00
11.00
44.00
12.00
12.00
5.00
18.00
22.00
21.00
9.00
24.00
35.00
5.00
18.00
25.00
5.00
13.00
4.00
13.00
11.00
8.00
10.00
12.00
13.00
10.00
8.00
10.00
2.00
9.00
18.00
14.00
22.00
24.00
5.00
19.00
5.00
11.00
7.00
9.00
19.00
17.00
10.00
17.00
8.00
13.00
11.00
10.00
10.00
5.00
6.00
8.00
12.00
10.00
30.00
8.00
34.00
11.00
6.00
9.00
18.00
30.00
11.00
11.00
20.00
18.00
10.00
8.00
3.00
15.00
3.00
7.00
7.00
52.00
10.00
15.00
14.00
8.00
14.00
8.00
9.00
15.00
5.00
6.00
9.00
15.00
22.00
23.00
11.00
8.00
14.00
27.00
27.00
13.00
17.00
28.00
6.00
12.00
25.00
7.00
17.00
34.00
9.00
3.00
10.00
15.00
6.00
12.00
11.00
8.00
13.00
9.00
15.00
16.00
20.00
18.00
3.00
13.00
20.00
6.00
8.00
14.00
4.00
17.00
12.00
6.00
11.00
11.00
3.00
12.00
5.00
12.00
14.00
3.00
7.00
18.00
5.00
6.00
21.00
7.00
13.00
12.00
64.00
8.00
16.00
8.00
12.00
9.00
8.00
7.00
14.00
14.00
1.00
6.00
11.00
