9.00
7.00
26.00
6.00
4.00
10.00
5.00
14.00
10.00
5.00
3.00
5.00
22.00
14.00
8.00
1.00
11.00
4.00
6.00
12.00
7.00
9.00
5.00
7.00
5.00
10.00
35.00
10.00
2.00
3.00
7.00
10.00
9.00
12.00
7.00
13.00
8.00
10.00
7.00
10.00
7.00
15.00
13.00
10.00
11.00
10.00
15.00
6.00
16.00
12.00
4.00
5.00
2.00
3.00
5.00
9.00
5.00
10.00
11.00
7.00
11.00
20.00
14.00
23.00
6.00
9.00
6.00
10.00
11.00
9.00
8.00
15.00
7.00
8.00
9.00
9.00
6.00
7.00
5.00
8.00
3.00
8.00
8.00
15.00
9.00
10.00
6.00
13.00
4.00
3.00
11.00
7.00
10.00
7.00
9.00
12.00
9.00
10.00
11.00
7.00
9.00
15.00
8.00
10.00
6.00
4.00
7.00
6.00
3.00
13.00
6.00
6.00
13.00
8.00
9.00
15.00
5.00
2.00
7.00
15.00
10.00
3.00
12.00
8.00
10.00
16.00
7.00
3.00
8.00
14.00
13.00
12.00
3.00
5.00
23.00
4.00
14.00
5.00
13.00
7.00
8.00
5.00
8.00
6.00
8.00
13.00
11.00
14.00
7.00
4.00
7.00
8.00
9.00
9.00
9.00
9.00
10.00
6.00
20.00
5.00
3.00
6.00
7.00
5.00
4.00
13.00
6.00
7.00
10.00
9.00
11.00
4.00
16.00
5.00
5.00
8.00
10.00
7.00
7.00
14.00
7.00
12.00
12.00
4.00
16.00
11.00
11.00
4.00
16.00
8.00
3.00
6.00
5.00
9.00
5.00
14.00
7.00
4.00
11.00
9.00
5.00
10.00
13.00
8.00
7.00
11.00
7.00
5.00
5.00
11.00
9.00
4.00
5.00
15.00
8.00
10.00
7.00
7.00
9.00
6.00
10.00
30.00
5.00
10.00
10.00
4.00
8.00
10.00
7.00
12.00
10.00
8.00
4.00
10.00
13.00
12.00
7.00
3.00
9.00
8.00
8.00
3.00
7.00
8.00
4.00
12.00
12.00
10.00
6.00
4.00
6.00
5.00
8.00
5.00
7.00
8.00
8.00
6.00
8.00
4.00
9.00
52.00
7.00
9.00
6.00
13.00
14.00
16.00
7.00
6.00
5.00
17.00
13.00
8.00
11.00
6.00
9.00
3.00
7.00
6.00
7.00
5.00
1.00
4.00
13.00
7.00
7.00
11.00
7.00
8.00
13.00
3.00
2.00
5.00
2.00
17.00
7.00
7.00
5.00
5.00
12.00
10.00
9.00
10.00
7.00
12.00
8.00
6.00
14.00
8.00
11.00
9.00
9.00
6.00
3.00
3.00
5.00
4.00
4.00
9.00
5.00
9.00
7.00
3.00
3.00
10.00
12.00
5.00
12.00
7.00
7.00
8.00
15.00
5.00
10.00
5.00
4.00
7.00
5.00
9.00
3.00
4.00
3.00
10.00
7.00
8.00
1.00
8.00
6.00
9.00
4.00
3.00
14.00
11.00
6.00
6.00
11.00
4.00
5.00
7.00
4.00
5.00
7.00
8.00
6.00
14.00
8.00
5.00
4.00
13.00
12.00
21.00
11.00
5.00
10.00
2.00
1.00
6.00
3.00
13.00
4.00
4.00
7.00
4.00
6.00
10.00
14.00
3.00
6.00
3.00
5.00
7.00
13.00
6.00
7.00
9.00
7.00
20.00
9.00
7.00
6.00
10.00
7.00
6.00
7.00
7.00
11.00
5.00
9.00
9.00
6.00
3.00
5.00
6.00
8.00
6.00
1.00
6.00
6.00
6.00
18.00
6.00
8.00
3.00
13.00
14.00
7.00
18.00
5.00
6.00
9.00
12.00
8.00
10.00
11.00
8.00
8.00
3.00
7.00
10.00
13.00
14.00
3.00
7.00
4.00
6.00
6.00
14.00
3.00
13.00
7.00
6.00
12.00
6.00
8.00
7.00
11.00
2.00
5.00
10.00
7.00
6.00
6.00
10.00
14.00
5.00
7.00
13.00
5.00
7.00
5.00
9.00
4.00
7.00
8.00
6.00
9.00
7.00
5.00
10.00
8.00
4.00
6.00
8.00
6.00
7.00
3.00
8.00
7.00
7.00
4.00
6.00
6.00
9.00
5.00
4.00
7.00
10.00
4.00
10.00
8.00
2.00
21.00
7.00
5.00
4.00
5.00
5.00
15.00
5.00
6.00
6.00
16.00
8.00
3.00
9.00
7.00
5.00
5.00
8.00
5.00
5.00
5.00
7.00
2.00
6.00
10.00
10.00
5.00
2.00
3.00
16.00
3.00
6.00
9.00
4.00
4.00
6.00
5.00
6.00
6.00
6.00
5.00
7.00
2.00
2.00
5.00
4.00
5.00
6.00
3.00
8.00
3.00
11.00
6.00
2.00
3.00
8.00
6.00
4.00
10.00
9.00
16.00
6.00
11.00
6.00
5.00
9.00
8.00
8.00
2.00
5.00
18.00
2.00
11.00
8.00
10.00
5.00
13.00
9.00
6.00
4.00
8.00
10.00
3.00
10.00
6.00
5.00
3.00
3.00
2.00
8.00
8.00
5.00
3.00
6.00
3.00
11.00
3.00
4.00
3.00
12.00
4.00
5.00
7.00
3.00
5.00
5.00
7.00
3.00
7.00
7.00
3.00
2.00
10.00
4.00
8.00
7.00
3.00
6.00
5.00
7.00
8.00
3.00
8.00
5.00
7.00
6.00
9.00
7.00
6.00
5.00
9.00
9.00
6.00
5.00
7.00
2.00
6.00
8.00
4.00
5.00
13.00
9.00
12.00
5.00
7.00
4.00
10.00
8.00
7.00
6.00
11.00
9.00
12.00
2.00
3.00
7.00
4.00
5.00
4.00
4.00
4.00
1.00
7.00
10.00
3.00
8.00
10.00
9.00
11.00
6.00
6.00
8.00
8.00
4.00
6.00
7.00
7.00
3.00
5.00
10.00
1.00
14.00
5.00
9.00
3.00
2.00
2.00
8.00
5.00
7.00
7.00
2.00
11.00
6.00
6.00
9.00
7.00
4.00
6.00
4.00
5.00
3.00
5.00
2.00
2.00
5.00
16.00
3.00
10.00
8.00
6.00
12.00
4.00
5.00
5.00
4.00
4.00
9.00
2.00
13.00
5.00
5.00
5.00
8.00
6.00
6.00
12.00
3.00
3.00
9.00
7.00
18.00
11.00
4.00
4.00
15.00
5.00
3.00
14.00
3.00
5.00
3.00
3.00
5.00
6.00
5.00
4.00
2.00
12.00
8.00
9.00
8.00
10.00
7.00
3.00
3.00
5.00
4.00
7.00
6.00
7.00
9.00
7.00
8.00
5.00
5.00
7.00
11.00
5.00
9.00
6.00
4.00
9.00
13.00
5.00
5.00
8.00
2.00
3.00
5.00
5.00
11.00
2.00
8.00
7.00
8.00
4.00
6.00
2.00
4.00
2.00
9.00
12.00
3.00
6.00
3.00
6.00
5.00
