14.00
21.00
21.00
29.00
36.00
27.00
33.00
21.00
55.00
37.00
20.00
34.00
25.00
72.00
34.00
54.00
40.00
33.00
27.00
27.00
37.00
41.00
39.00
7.00
27.00
32.00
38.00
43.00
18.00
31.00
19.00
34.00
37.00
34.00
31.00
28.00
48.00
39.00
29.00
27.00
16.00
30.00
24.00
33.00
22.00
34.00
33.00
44.00
46.00
24.00
31.00
29.00
33.00
63.00
44.00
11.00
18.00
47.00
40.00
32.00
31.00
27.00
25.00
27.00
61.00
32.00
36.00
20.00
36.00
31.00
21.00
27.00
20.00
34.00
35.00
33.00
44.00
27.00
31.00
34.00
71.00
40.00
12.00
19.00
33.00
30.00
32.00
36.00
29.00
32.00
44.00
25.00
37.00
27.00
42.00
26.00
27.00
41.00
31.00
26.00
35.00
39.00
10.00
45.00
29.00
32.00
22.00
35.00
41.00
17.00
17.00
39.00
61.00
36.00
33.00
44.00
31.00
28.00
29.00
36.00
23.00
51.00
42.00
36.00
19.00
20.00
52.00
27.00
54.00
69.00
45.00
32.00
37.00
35.00
58.00
43.00
37.00
33.00
87.00
34.00
28.00
21.00
31.00
31.00
31.00
44.00
28.00
33.00
74.00
32.00
33.00
33.00
28.00
28.00
35.00
23.00
29.00
27.00
23.00
33.00
37.00
33.00
31.00
40.00
73.00
31.00
28.00
33.00
30.00
37.00
29.00
34.00
19.00
32.00
19.00
30.00
62.00
31.00
22.00
37.00
20.00
22.00
36.00
32.00
32.00
27.00
36.00
27.00
22.00
21.00
83.00
26.00
18.00
34.00
28.00
54.00
25.00
27.00
38.00
24.00
27.00
34.00
29.00
70.00
25.00
33.00
40.00
27.00
24.00
36.00
51.00
31.00
29.00
27.00
69.00
21.00
30.00
48.00
42.00
28.00
35.00
42.00
41.00
53.00
26.00
26.00
29.00
29.00
38.00
23.00
38.00
33.00
44.00
39.00
35.00
36.00
25.00
46.00
28.00
21.00
33.00
46.00
34.00
50.00
25.00
46.00
34.00
32.00
32.00
33.00
30.00
31.00
25.00
42.00
14.00
35.00
42.00
27.00
28.00
26.00
46.00
32.00
21.00
47.00
16.00
24.00
32.00
59.00
32.00
33.00
30.00
27.00
37.00
35.00
24.00
32.00
42.00
53.00
22.00
33.00
18.00
20.00
22.00
30.00
24.00
35.00
63.00
30.00
36.00
37.00
36.00
31.00
23.00
39.00
58.00
30.00
21.00
38.00
23.00
53.00
21.00
27.00
29.00
43.00
26.00
27.00
35.00
40.00
32.00
46.00
27.00
29.00
30.00
21.00
32.00
31.00
29.00
41.00
28.00
43.00
48.00
40.00
26.00
25.00
19.00
40.00
30.00
24.00
35.00
30.00
43.00
48.00
47.00
37.00
25.00
28.00
37.00
23.00
26.00
37.00
23.00
27.00
24.00
39.00
52.00
24.00
29.00
39.00
36.00
42.00
35.00
33.00
30.00
33.00
24.00
34.00
35.00
21.00
41.00
68.00
27.00
18.00
14.00
23.00
24.00
28.00
20.00
19.00
32.00
34.00
33.00
20.00
29.00
32.00
29.00
43.00
32.00
37.00
40.00
24.00
45.00
28.00
82.00
32.00
28.00
31.00
35.00
26.00
55.00
26.00
40.00
30.00
34.00
79.00
31.00
43.00
18.00
28.00
54.00
19.00
32.00
33.00
32.00
33.00
27.00
30.00
13.00
21.00
27.00
26.00
46.00
10.00
27.00
77.00
28.00
39.00
50.00
22.00
31.00
28.00
29.00
23.00
34.00
28.00
15.00
41.00
36.00
28.00
30.00
56.00
31.00
38.00
26.00
23.00
23.00
51.00
32.00
38.00
32.00
41.00
30.00
24.00
37.00
42.00
40.00
71.00
32.00
44.00
30.00
31.00
31.00
27.00
42.00
96.00
33.00
38.00
18.00
37.00
27.00
34.00
44.00
33.00
46.00
34.00
39.00
36.00
36.00
30.00
32.00
47.00
34.00
35.00
23.00
33.00
24.00
80.00
26.00
22.00
18.00
27.00
13.00
48.00
30.00
24.00
44.00
31.00
26.00
44.00
18.00
37.00
42.00
38.00
54.00
31.00
39.00
25.00
35.00
57.00
33.00
31.00
33.00
32.00
31.00
30.00
18.00
23.00
59.00
43.00
51.00
29.00
29.00
24.00
20.00
35.00
32.00
19.00
24.00
36.00
36.00
35.00
48.00
29.00
46.00
23.00
29.00
41.00
19.00
29.00
59.00
32.00
31.00
48.00
27.00
42.00
48.00
41.00
39.00
29.00
34.00
38.00
46.00
31.00
37.00
32.00
16.00
37.00
42.00
23.00
32.00
35.00
26.00
22.00
24.00
21.00
38.00
35.00
29.00
36.00
39.00
28.00
25.00
30.00
38.00
30.00
42.00
27.00
29.00
35.00
29.00
32.00
43.00
42.00
36.00
29.00
29.00
36.00
30.00
29.00
35.00
31.00
16.00
27.00
25.00
41.00
33.00
30.00
34.00
36.00
44.00
27.00
23.00
23.00
30.00
28.00
15.00
25.00
25.00
38.00
39.00
31.00
28.00
34.00
44.00
27.00
27.00
41.00
28.00
39.00
21.00
41.00
25.00
42.00
42.00
26.00
34.00
24.00
34.00
24.00
31.00
24.00
27.00
32.00
18.00
20.00
47.00
24.00
38.00
27.00
17.00
47.00
40.00
28.00
54.00
25.00
25.00
27.00
42.00
32.00
26.00
45.00
20.00
49.00
16.00
32.00
16.00
46.00
31.00
26.00
30.00
31.00
28.00
35.00
32.00
32.00
24.00
27.00
50.00
40.00
32.00
22.00
37.00
38.00
64.00
26.00
28.00
34.00
33.00
38.00
24.00
17.00
37.00
37.00
21.00
36.00
64.00
50.00
45.00
20.00
27.00
16.00
19.00
40.00
23.00
23.00
59.00
35.00
36.00
27.00
33.00
15.00
26.00
40.00
24.00
32.00
38.00
30.00
43.00
32.00
18.00
25.00
22.00
23.00
22.00
25.00
66.00
53.00
43.00
29.00
28.00
60.00
18.00
29.00
31.00
21.00
24.00
21.00
44.00
31.00
40.00
23.00
24.00
30.00
21.00
30.00
27.00
16.00
24.00
23.00
15.00
58.00
38.00
25.00
43.00
24.00
45.00
27.00
28.00
24.00
46.00
35.00
27.00
26.00
36.00
32.00
42.00
22.00
46.00
45.00
31.00
28.00
31.00
41.00
34.00
21.00
19.00
38.00
35.00
15.00
21.00
33.00
48.00
49.00
38.00
29.00
29.00
31.00
34.00
29.00
30.00
21.00
31.00
31.00
28.00
34.00
33.00
37.00
23.00
19.00
25.00
32.00
30.00
12.00
23.00
24.00
30.00
27.00
55.00
21.00
38.00
37.00
45.00
21.00
28.00
39.00
31.00
25.00
31.00
34.00
41.00
21.00
