17.00
7.00
19.00
11.00
13.00
9.00
17.00
14.00
19.00
9.00
14.00
16.00
15.00
15.00
8.00
14.00
9.00
31.00
17.00
33.00
17.00
19.00
42.00
17.00
26.00
16.00
17.00
14.00
55.00
5.00
21.00
21.00
11.00
20.00
11.00
11.00
15.00
16.00
26.00
11.00
15.00
20.00
14.00
28.00
23.00
23.00
6.00
19.00
20.00
21.00
61.00
20.00
39.00
10.00
10.00
16.00
30.00
22.00
15.00
20.00
14.00
26.00
25.00
22.00
27.00
21.00
12.00
14.00
19.00
40.00
16.00
16.00
16.00
13.00
16.00
12.00
12.00
21.00
22.00
16.00
13.00
16.00
21.00
17.00
12.00
16.00
15.00
17.00
35.00
11.00
14.00
29.00
24.00
18.00
18.00
15.00
30.00
18.00
13.00
14.00
11.00
27.00
13.00
19.00
15.00
19.00
17.00
34.00
43.00
25.00
20.00
15.00
19.00
18.00
25.00
17.00
13.00
11.00
26.00
9.00
13.00
12.00
20.00
27.00
35.00
27.00
36.00
12.00
15.00
21.00
22.00
21.00
14.00
7.00
13.00
16.00
16.00
15.00
27.00
13.00
12.00
23.00
22.00
11.00
16.00
16.00
14.00
12.00
25.00
16.00
21.00
16.00
24.00
22.00
17.00
22.00
47.00
20.00
47.00
17.00
23.00
20.00
20.00
12.00
14.00
17.00
16.00
18.00
19.00
53.00
22.00
19.00
29.00
10.00
31.00
6.00
24.00
10.00
13.00
17.00
10.00
18.00
14.00
13.00
13.00
22.00
12.00
18.00
11.00
43.00
24.00
22.00
23.00
13.00
22.00
25.00
18.00
16.00
7.00
24.00
18.00
23.00
29.00
27.00
14.00
14.00
15.00
17.00
11.00
28.00
28.00
18.00
14.00
15.00
16.00
12.00
25.00
15.00
15.00
16.00
16.00
17.00
10.00
21.00
11.00
17.00
10.00
18.00
16.00
13.00
19.00
15.00
18.00
27.00
25.00
19.00
23.00
11.00
13.00
16.00
22.00
8.00
19.00
27.00
21.00
13.00
32.00
23.00
16.00
16.00
10.00
14.00
23.00
18.00
18.00
16.00
34.00
17.00
13.00
10.00
21.00
9.00
11.00
20.00
21.00
14.00
36.00
18.00
16.00
22.00
16.00
22.00
13.00
19.00
22.00
20.00
19.00
38.00
17.00
13.00
28.00
23.00
20.00
12.00
19.00
22.00
5.00
19.00
19.00
14.00
11.00
14.00
29.00
25.00
18.00
7.00
25.00
7.00
13.00
19.00
22.00
26.00
18.00
18.00
14.00
10.00
24.00
17.00
13.00
20.00
30.00
22.00
24.00
8.00
23.00
25.00
24.00
17.00
17.00
23.00
33.00
17.00
19.00
23.00
17.00
20.00
11.00
17.00
15.00
19.00
21.00
12.00
17.00
25.00
10.00
17.00
32.00
47.00
10.00
22.00
15.00
18.00
14.00
16.00
17.00
14.00
17.00
25.00
21.00
12.00
21.00
20.00
18.00
27.00
10.00
25.00
15.00
13.00
21.00
17.00
28.00
14.00
18.00
23.00
14.00
12.00
21.00
12.00
17.00
17.00
29.00
15.00
13.00
13.00
14.00
13.00
12.00
29.00
20.00
18.00
25.00
10.00
8.00
8.00
14.00
25.00
16.00
32.00
19.00
10.00
19.00
16.00
17.00
8.00
43.00
18.00
13.00
17.00
18.00
19.00
25.00
19.00
18.00
17.00
26.00
18.00
36.00
13.00
18.00
17.00
14.00
18.00
14.00
14.00
14.00
17.00
19.00
18.00
17.00
14.00
22.00
15.00
17.00
20.00
12.00
22.00
22.00
25.00
12.00
10.00
11.00
9.00
25.00
29.00
18.00
24.00
14.00
14.00
18.00
17.00
15.00
7.00
19.00
14.00
33.00
19.00
16.00
13.00
19.00
21.00
18.00
16.00
10.00
15.00
13.00
13.00
22.00
22.00
16.00
10.00
23.00
28.00
16.00
23.00
15.00
13.00
17.00
17.00
16.00
13.00
15.00
26.00
12.00
18.00
18.00
6.00
13.00
37.00
18.00
12.00
14.00
23.00
9.00
19.00
15.00
19.00
18.00
15.00
8.00
15.00
14.00
13.00
14.00
20.00
21.00
15.00
20.00
24.00
15.00
19.00
22.00
8.00
25.00
15.00
18.00
19.00
8.00
15.00
16.00
18.00
15.00
19.00
18.00
19.00
19.00
15.00
23.00
16.00
15.00
14.00
14.00
16.00
33.00
12.00
6.00
13.00
18.00
17.00
28.00
19.00
15.00
16.00
26.00
18.00
14.00
10.00
32.00
18.00
19.00
20.00
15.00
22.00
12.00
21.00
31.00
18.00
19.00
21.00
15.00
11.00
22.00
11.00
15.00
27.00
22.00
10.00
16.00
20.00
18.00
22.00
24.00
18.00
12.00
17.00
11.00
19.00
16.00
9.00
8.00
26.00
24.00
12.00
12.00
22.00
13.00
19.00
10.00
8.00
18.00
21.00
19.00
17.00
13.00
14.00
26.00
18.00
15.00
17.00
14.00
19.00
19.00
13.00
16.00
10.00
30.00
16.00
24.00
14.00
10.00
9.00
18.00
12.00
16.00
19.00
9.00
27.00
11.00
24.00
23.00
21.00
17.00
28.00
15.00
17.00
19.00
22.00
16.00
22.00
14.00
10.00
20.00
18.00
20.00
13.00
25.00
19.00
9.00
17.00
19.00
15.00
20.00
17.00
21.00
15.00
14.00
6.00
18.00
10.00
9.00
8.00
16.00
11.00
23.00
19.00
15.00
14.00
16.00
15.00
19.00
12.00
10.00
17.00
15.00
17.00
12.00
13.00
36.00
17.00
17.00
18.00
22.00
10.00
10.00
23.00
11.00
20.00
28.00
15.00
34.00
19.00
15.00
20.00
20.00
22.00
17.00
13.00
7.00
25.00
16.00
16.00
17.00
24.00
46.00
18.00
14.00
12.00
17.00
19.00
22.00
19.00
17.00
28.00
23.00
30.00
21.00
6.00
17.00
32.00
10.00
17.00
18.00
12.00
20.00
9.00
17.00
13.00
9.00
15.00
5.00
18.00
18.00
15.00
11.00
23.00
11.00
17.00
3.00
17.00
11.00
19.00
16.00
11.00
20.00
17.00
14.00
20.00
13.00
12.00
10.00
13.00
15.00
17.00
12.00
16.00
14.00
23.00
16.00
19.00
17.00
16.00
20.00
19.00
6.00
5.00
9.00
14.00
14.00
14.00
18.00
13.00
15.00
19.00
19.00
20.00
22.00
9.00
14.00
18.00
13.00
10.00
25.00
24.00
9.00
14.00
10.00
25.00
15.00
8.00
20.00
16.00
18.00
15.00
17.00
12.00
16.00
14.00
22.00
9.00
10.00
14.00
20.00
14.00
25.00
7.00
21.00
30.00
12.00
4.00
13.00
8.00
19.00
20.00
18.00
19.00
10.00
11.00
8.00
12.00
16.00
31.00
