13.00
18.00
40.00
16.00
22.00
18.00
21.00
26.00
12.00
17.00
18.00
23.00
13.00
51.00
27.00
49.00
30.00
24.00
17.00
23.00
22.00
27.00
22.00
19.00
27.00
17.00
32.00
15.00
27.00
15.00
22.00
29.00
20.00
29.00
24.00
27.00
20.00
25.00
12.00
19.00
15.00
21.00
18.00
13.00
40.00
21.00
18.00
11.00
33.00
19.00
12.00
36.00
39.00
21.00
7.00
25.00
16.00
24.00
20.00
17.00
29.00
19.00
17.00
14.00
16.00
26.00
16.00
16.00
25.00
18.00
25.00
21.00
30.00
30.00
24.00
10.00
30.00
16.00
26.00
19.00
21.00
20.00
14.00
21.00
12.00
16.00
19.00
28.00
18.00
14.00
18.00
26.00
20.00
19.00
13.00
17.00
19.00
14.00
21.00
23.00
11.00
21.00
20.00
17.00
33.00
18.00
28.00
27.00
36.00
32.00
15.00
41.00
28.00
14.00
12.00
13.00
44.00
23.00
20.00
17.00
25.00
17.00
26.00
44.00
14.00
20.00
20.00
22.00
34.00
27.00
27.00
15.00
22.00
15.00
31.00
12.00
20.00
34.00
23.00
20.00
16.00
24.00
19.00
49.00
22.00
16.00
23.00
18.00
20.00
24.00
23.00
30.00
14.00
9.00
19.00
30.00
13.00
13.00
18.00
36.00
20.00
16.00
31.00
18.00
21.00
21.00
8.00
45.00
10.00
20.00
23.00
17.00
25.00
24.00
19.00
9.00
15.00
23.00
13.00
17.00
21.00
31.00
16.00
26.00
28.00
16.00
27.00
22.00
28.00
28.00
14.00
21.00
15.00
39.00
26.00
20.00
61.00
36.00
17.00
21.00
24.00
17.00
13.00
37.00
27.00
16.00
26.00
12.00
29.00
30.00
18.00
25.00
15.00
15.00
23.00
19.00
19.00
16.00
18.00
17.00
37.00
16.00
15.00
46.00
40.00
22.00
19.00
23.00
15.00
18.00
29.00
22.00
20.00
14.00
49.00
21.00
11.00
29.00
21.00
20.00
14.00
29.00
17.00
20.00
16.00
24.00
38.00
11.00
28.00
18.00
19.00
43.00
19.00
13.00
28.00
21.00
15.00
20.00
17.00
10.00
36.00
11.00
14.00
18.00
30.00
26.00
14.00
36.00
33.00
25.00
14.00
12.00
23.00
24.00
21.00
33.00
16.00
22.00
20.00
19.00
14.00
28.00
19.00
19.00
13.00
24.00
17.00
18.00
21.00
15.00
17.00
12.00
21.00
21.00
18.00
19.00
21.00
26.00
22.00
22.00
29.00
15.00
24.00
17.00
13.00
23.00
20.00
67.00
29.00
21.00
24.00
10.00
20.00
10.00
30.00
23.00
19.00
20.00
15.00
23.00
21.00
20.00
17.00
17.00
7.00
27.00
22.00
13.00
30.00
42.00
21.00
20.00
10.00
16.00
21.00
26.00
23.00
14.00
19.00
17.00
17.00
19.00
9.00
14.00
20.00
29.00
15.00
33.00
23.00
19.00
19.00
26.00
29.00
15.00
20.00
10.00
22.00
16.00
9.00
18.00
6.00
18.00
21.00
9.00
21.00
34.00
35.00
33.00
24.00
21.00
14.00
19.00
12.00
20.00
36.00
22.00
23.00
33.00
26.00
10.00
18.00
11.00
18.00
21.00
32.00
18.00
21.00
34.00
12.00
25.00
35.00
20.00
13.00
11.00
32.00
16.00
20.00
22.00
5.00
23.00
25.00
22.00
27.00
16.00
20.00
21.00
19.00
14.00
23.00
18.00
15.00
25.00
13.00
13.00
9.00
22.00
18.00
20.00
24.00
25.00
18.00
25.00
25.00
21.00
16.00
31.00
5.00
11.00
21.00
14.00
16.00
15.00
14.00
11.00
13.00
49.00
22.00
16.00
19.00
22.00
13.00
16.00
24.00
14.00
16.00
16.00
15.00
22.00
22.00
18.00
20.00
17.00
23.00
16.00
30.00
20.00
13.00
17.00
12.00
26.00
29.00
12.00
17.00
19.00
39.00
23.00
20.00
18.00
22.00
16.00
43.00
22.00
23.00
10.00
25.00
10.00
19.00
24.00
20.00
19.00
8.00
38.00
16.00
17.00
14.00
12.00
20.00
23.00
23.00
65.00
20.00
17.00
20.00
13.00
9.00
15.00
24.00
18.00
8.00
25.00
13.00
18.00
23.00
16.00
22.00
17.00
29.00
22.00
24.00
32.00
24.00
14.00
39.00
20.00
9.00
16.00
13.00
12.00
26.00
15.00
21.00
27.00
26.00
24.00
23.00
31.00
25.00
17.00
21.00
17.00
22.00
16.00
16.00
22.00
22.00
26.00
16.00
14.00
30.00
18.00
20.00
18.00
32.00
19.00
24.00
21.00
16.00
18.00
20.00
16.00
12.00
27.00
21.00
32.00
32.00
23.00
31.00
22.00
21.00
13.00
18.00
14.00
20.00
25.00
22.00
14.00
15.00
15.00
19.00
19.00
24.00
15.00
6.00
15.00
21.00
5.00
21.00
15.00
13.00
28.00
28.00
20.00
13.00
12.00
32.00
13.00
19.00
9.00
25.00
14.00
24.00
15.00
14.00
40.00
20.00
12.00
15.00
20.00
24.00
22.00
13.00
12.00
18.00
17.00
21.00
14.00
21.00
24.00
35.00
13.00
22.00
14.00
24.00
25.00
23.00
22.00
22.00
21.00
34.00
24.00
16.00
20.00
39.00
18.00
12.00
27.00
34.00
30.00
14.00
15.00
6.00
28.00
15.00
29.00
13.00
13.00
19.00
19.00
24.00
22.00
15.00
11.00
27.00
21.00
15.00
26.00
18.00
16.00
14.00
35.00
45.00
20.00
24.00
14.00
10.00
18.00
18.00
15.00
15.00
19.00
34.00
20.00
14.00
27.00
32.00
20.00
17.00
16.00
14.00
18.00
27.00
23.00
11.00
14.00
12.00
22.00
24.00
32.00
19.00
15.00
7.00
23.00
22.00
18.00
15.00
12.00
17.00
13.00
19.00
4.00
14.00
18.00
16.00
11.00
20.00
15.00
15.00
23.00
22.00
13.00
23.00
12.00
16.00
16.00
13.00
44.00
22.00
9.00
13.00
23.00
21.00
64.00
24.00
23.00
10.00
15.00
18.00
13.00
27.00
12.00
20.00
16.00
15.00
18.00
16.00
20.00
31.00
17.00
14.00
11.00
20.00
20.00
22.00
15.00
11.00
48.00
20.00
38.00
18.00
25.00
18.00
20.00
16.00
17.00
10.00
21.00
8.00
43.00
14.00
16.00
17.00
15.00
18.00
13.00
15.00
15.00
17.00
18.00
19.00
28.00
13.00
14.00
10.00
16.00
19.00
19.00
55.00
34.00
18.00
12.00
21.00
15.00
17.00
23.00
11.00
17.00
19.00
13.00
18.00
18.00
6.00
10.00
26.00
7.00
22.00
25.00
14.00
18.00
20.00
24.00
23.00
13.00
17.00
29.00
18.00
13.00
15.00
34.00
23.00
14.00
