25.00
9.00
4.00
21.00
15.00
37.00
18.00
14.00
27.00
13.00
20.00
11.00
10.00
15.00
20.00
13.00
25.00
11.00
11.00
20.00
19.00
20.00
26.00
20.00
15.00
16.00
18.00
17.00
15.00
14.00
21.00
27.00
19.00
16.00
29.00
52.00
23.00
4.00
17.00
27.00
9.00
14.00
14.00
27.00
15.00
15.00
33.00
11.00
18.00
12.00
12.00
18.00
5.00
11.00
25.00
13.00
24.00
19.00
30.00
25.00
24.00
13.00
40.00
22.00
10.00
46.00
28.00
16.00
27.00
17.00
14.00
9.00
19.00
13.00
14.00
15.00
17.00
20.00
12.00
26.00
23.00
17.00
12.00
11.00
17.00
11.00
16.00
18.00
15.00
12.00
17.00
5.00
26.00
22.00
19.00
17.00
14.00
25.00
4.00
23.00
20.00
16.00
25.00
10.00
12.00
14.00
15.00
26.00
14.00
27.00
16.00
9.00
8.00
12.00
12.00
23.00
15.00
18.00
19.00
22.00
30.00
22.00
17.00
16.00
15.00
14.00
19.00
13.00
20.00
24.00
15.00
18.00
15.00
32.00
49.00
22.00
31.00
4.00
9.00
14.00
18.00
19.00
14.00
22.00
15.00
5.00
12.00
10.00
20.00
15.00
18.00
16.00
9.00
33.00
14.00
6.00
11.00
9.00
13.00
13.00
7.00
13.00
18.00
13.00
20.00
16.00
19.00
10.00
20.00
19.00
10.00
21.00
15.00
16.00
20.00
13.00
7.00
17.00
12.00
16.00
12.00
21.00
24.00
20.00
10.00
20.00
16.00
15.00
7.00
14.00
21.00
13.00
36.00
19.00
11.00
20.00
12.00
20.00
22.00
20.00
15.00
10.00
21.00
9.00
10.00
33.00
30.00
15.00
19.00
19.00
26.00
18.00
22.00
10.00
19.00
22.00
17.00
11.00
25.00
21.00
16.00
12.00
21.00
18.00
20.00
9.00
34.00
14.00
18.00
16.00
40.00
14.00
16.00
11.00
10.00
21.00
18.00
7.00
11.00
5.00
15.00
17.00
16.00
14.00
24.00
23.00
14.00
19.00
27.00
21.00
10.00
12.00
19.00
18.00
8.00
17.00
15.00
7.00
19.00
21.00
21.00
31.00
6.00
10.00
8.00
19.00
47.00
9.00
14.00
7.00
28.00
14.00
14.00
14.00
14.00
19.00
17.00
22.00
24.00
23.00
14.00
19.00
38.00
24.00
12.00
10.00
20.00
28.00
8.00
21.00
16.00
22.00
20.00
22.00
4.00
22.00
13.00
11.00
8.00
13.00
29.00
9.00
15.00
21.00
14.00
22.00
24.00
12.00
8.00
13.00
19.00
15.00
8.00
16.00
14.00
10.00
16.00
14.00
15.00
22.00
11.00
22.00
17.00
15.00
9.00
16.00
17.00
14.00
14.00
13.00
14.00
40.00
24.00
32.00
8.00
21.00
11.00
17.00
12.00
17.00
45.00
18.00
21.00
25.00
8.00
13.00
18.00
22.00
14.00
11.00
26.00
20.00
16.00
27.00
28.00
17.00
17.00
14.00
21.00
21.00
21.00
11.00
16.00
34.00
19.00
19.00
18.00
21.00
10.00
10.00
19.00
19.00
18.00
21.00
10.00
11.00
11.00
10.00
9.00
10.00
10.00
21.00
22.00
11.00
10.00
10.00
12.00
7.00
13.00
7.00
11.00
26.00
19.00
16.00
19.00
11.00
17.00
6.00
23.00
27.00
11.00
15.00
20.00
18.00
16.00
11.00
14.00
24.00
13.00
10.00
18.00
19.00
11.00
25.00
14.00
8.00
14.00
14.00
22.00
28.00
15.00
18.00
24.00
20.00
12.00
23.00
17.00
15.00
29.00
24.00
9.00
11.00
12.00
24.00
18.00
15.00
12.00
13.00
13.00
13.00
5.00
18.00
17.00
18.00
9.00
20.00
18.00
17.00
10.00
17.00
17.00
13.00
16.00
14.00
10.00
14.00
26.00
7.00
28.00
6.00
13.00
17.00
18.00
9.00
6.00
9.00
21.00
18.00
16.00
23.00
24.00
19.00
18.00
12.00
37.00
11.00
18.00
11.00
12.00
25.00
21.00
24.00
12.00
28.00
13.00
9.00
14.00
11.00
13.00
16.00
12.00
13.00
15.00
31.00
18.00
28.00
19.00
17.00
22.00
10.00
19.00
14.00
22.00
16.00
9.00
17.00
12.00
13.00
22.00
17.00
13.00
14.00
17.00
29.00
18.00
21.00
16.00
32.00
18.00
7.00
18.00
14.00
18.00
25.00
22.00
17.00
10.00
6.00
11.00
9.00
14.00
17.00
17.00
10.00
21.00
9.00
14.00
9.00
16.00
11.00
11.00
18.00
9.00
7.00
22.00
12.00
12.00
9.00
12.00
15.00
16.00
15.00
17.00
9.00
24.00
12.00
26.00
8.00
13.00
20.00
15.00
19.00
6.00
28.00
25.00
25.00
19.00
10.00
11.00
20.00
16.00
21.00
12.00
15.00
15.00
14.00
11.00
11.00
20.00
12.00
12.00
26.00
16.00
16.00
25.00
16.00
34.00
18.00
7.00
13.00
21.00
15.00
10.00
29.00
10.00
15.00
12.00
17.00
16.00
4.00
17.00
14.00
19.00
12.00
11.00
23.00
9.00
19.00
9.00
28.00
14.00
4.00
17.00
12.00
13.00
17.00
17.00
10.00
10.00
14.00
10.00
12.00
12.00
16.00
11.00
24.00
42.00
12.00
21.00
12.00
11.00
12.00
20.00
59.00
19.00
10.00
20.00
14.00
18.00
12.00
11.00
10.00
17.00
19.00
24.00
23.00
3.00
21.00
14.00
16.00
5.00
17.00
8.00
24.00
15.00
8.00
8.00
13.00
15.00
21.00
7.00
12.00
14.00
17.00
8.00
21.00
11.00
21.00
8.00
23.00
14.00
16.00
13.00
19.00
3.00
11.00
17.00
20.00
20.00
8.00
9.00
6.00
19.00
21.00
15.00
14.00
13.00
9.00
11.00
22.00
13.00
20.00
11.00
12.00
25.00
4.00
21.00
16.00
27.00
18.00
12.00
6.00
4.00
14.00
26.00
11.00
25.00
10.00
16.00
18.00
19.00
13.00
9.00
16.00
17.00
15.00
13.00
12.00
17.00
16.00
14.00
19.00
15.00
13.00
19.00
14.00
17.00
11.00
32.00
14.00
12.00
20.00
10.00
19.00
17.00
20.00
4.00
13.00
15.00
12.00
12.00
10.00
43.00
19.00
16.00
13.00
17.00
20.00
21.00
16.00
7.00
21.00
16.00
26.00
16.00
20.00
15.00
13.00
13.00
10.00
20.00
10.00
9.00
16.00
25.00
18.00
20.00
11.00
15.00
10.00
18.00
19.00
12.00
14.00
6.00
32.00
17.00
17.00
22.00
35.00
21.00
10.00
7.00
37.00
20.00
14.00
21.00
17.00
13.00
10.00
11.00
26.00
16.00
8.00
8.00
18.00
6.00
17.00
12.00
14.00
