11.00
31.00
8.00
13.00
36.00
19.00
17.00
27.00
23.00
22.00
32.00
12.00
35.00
31.00
15.00
6.00
22.00
30.00
39.00
25.00
31.00
19.00
15.00
33.00
16.00
16.00
18.00
25.00
14.00
19.00
33.00
47.00
14.00
24.00
16.00
28.00
12.00
22.00
9.00
18.00
18.00
23.00
26.00
18.00
40.00
25.00
13.00
24.00
28.00
13.00
23.00
33.00
26.00
25.00
16.00
24.00
32.00
12.00
31.00
25.00
24.00
18.00
36.00
29.00
27.00
22.00
28.00
10.00
14.00
23.00
24.00
34.00
5.00
26.00
22.00
17.00
61.00
24.00
40.00
26.00
26.00
34.00
16.00
18.00
18.00
26.00
29.00
16.00
53.00
20.00
18.00
28.00
14.00
17.00
22.00
21.00
24.00
29.00
11.00
14.00
22.00
17.00
14.00
13.00
20.00
30.00
28.00
27.00
19.00
13.00
36.00
18.00
22.00
15.00
36.00
27.00
16.00
8.00
21.00
14.00
18.00
22.00
25.00
26.00
24.00
34.00
17.00
23.00
42.00
18.00
29.00
37.00
21.00
27.00
31.00
41.00
13.00
22.00
21.00
28.00
23.00
29.00
19.00
28.00
22.00
20.00
31.00
25.00
18.00
30.00
20.00
20.00
25.00
20.00
33.00
20.00
17.00
13.00
16.00
24.00
67.00
9.00
22.00
22.00
20.00
25.00
12.00
18.00
19.00
30.00
19.00
17.00
25.00
16.00
26.00
16.00
17.00
17.00
22.00
13.00
20.00
33.00
16.00
21.00
15.00
24.00
17.00
26.00
17.00
27.00
21.00
25.00
17.00
37.00
25.00
28.00
27.00
22.00
36.00
14.00
36.00
18.00
26.00
20.00
28.00
23.00
24.00
24.00
22.00
20.00
13.00
21.00
8.00
17.00
27.00
22.00
31.00
23.00
19.00
16.00
28.00
15.00
33.00
28.00
8.00
18.00
12.00
16.00
18.00
45.00
24.00
34.00
19.00
20.00
15.00
29.00
18.00
23.00
28.00
10.00
21.00
26.00
31.00
11.00
16.00
27.00
16.00
19.00
31.00
27.00
15.00
9.00
21.00
37.00
24.00
25.00
26.00
17.00
27.00
23.00
11.00
22.00
26.00
23.00
19.00
45.00
23.00
30.00
24.00
20.00
28.00
27.00
34.00
17.00
30.00
15.00
11.00
17.00
15.00
15.00
18.00
36.00
27.00
36.00
24.00
17.00
16.00
23.00
37.00
12.00
14.00
12.00
16.00
26.00
15.00
41.00
12.00
25.00
20.00
9.00
22.00
20.00
39.00
23.00
19.00
46.00
19.00
29.00
13.00
18.00
30.00
21.00
18.00
22.00
34.00
19.00
14.00
20.00
19.00
22.00
24.00
16.00
25.00
20.00
27.00
24.00
29.00
28.00
15.00
14.00
23.00
16.00
24.00
22.00
13.00
24.00
19.00
17.00
13.00
19.00
34.00
39.00
29.00
45.00
13.00
19.00
20.00
24.00
15.00
31.00
29.00
18.00
35.00
28.00
29.00
14.00
26.00
26.00
21.00
13.00
10.00
18.00
24.00
27.00
16.00
24.00
15.00
27.00
23.00
50.00
33.00
23.00
27.00
13.00
34.00
19.00
10.00
21.00
24.00
17.00
22.00
19.00
11.00
13.00
42.00
22.00
39.00
19.00
12.00
20.00
21.00
27.00
10.00
18.00
20.00
24.00
28.00
46.00
16.00
24.00
17.00
20.00
15.00
28.00
34.00
25.00
14.00
22.00
19.00
20.00
17.00
10.00
18.00
20.00
13.00
26.00
13.00
22.00
20.00
24.00
23.00
18.00
18.00
19.00
22.00
29.00
37.00
26.00
20.00
15.00
25.00
12.00
11.00
23.00
18.00
21.00
39.00
27.00
15.00
20.00
29.00
20.00
26.00
18.00
32.00
17.00
22.00
28.00
29.00
12.00
25.00
14.00
12.00
31.00
25.00
12.00
21.00
23.00
26.00
18.00
19.00
33.00
27.00
9.00
13.00
29.00
25.00
29.00
37.00
25.00
21.00
19.00
10.00
29.00
12.00
41.00
32.00
17.00
29.00
10.00
27.00
13.00
19.00
14.00
28.00
13.00
18.00
20.00
20.00
20.00
10.00
19.00
28.00
19.00
13.00
17.00
16.00
24.00
21.00
44.00
21.00
16.00
13.00
44.00
20.00
16.00
19.00
16.00
41.00
13.00
20.00
17.00
23.00
32.00
17.00
14.00
10.00
18.00
30.00
17.00
8.00
30.00
23.00
33.00
14.00
23.00
22.00
23.00
15.00
18.00
13.00
24.00
19.00
27.00
23.00
9.00
35.00
27.00
15.00
16.00
18.00
23.00
12.00
28.00
26.00
12.00
18.00
29.00
20.00
13.00
25.00
14.00
19.00
16.00
22.00
17.00
13.00
19.00
18.00
24.00
13.00
13.00
26.00
15.00
14.00
18.00
20.00
23.00
18.00
19.00
10.00
25.00
14.00
18.00
42.00
19.00
41.00
29.00
24.00
12.00
20.00
41.00
35.00
19.00
30.00
29.00
14.00
23.00
13.00
24.00
19.00
32.00
19.00
18.00
21.00
17.00
20.00
19.00
26.00
32.00
26.00
10.00
36.00
31.00
19.00
10.00
17.00
22.00
9.00
20.00
27.00
16.00
26.00
17.00
19.00
11.00
27.00
17.00
16.00
18.00
24.00
26.00
20.00
26.00
25.00
29.00
25.00
31.00
23.00
23.00
22.00
24.00
20.00
29.00
20.00
28.00
25.00
11.00
14.00
32.00
21.00
27.00
24.00
19.00
14.00
23.00
20.00
27.00
11.00
19.00
18.00
21.00
17.00
31.00
21.00
22.00
27.00
11.00
11.00
12.00
21.00
13.00
19.00
27.00
12.00
20.00
51.00
22.00
19.00
15.00
8.00
9.00
20.00
35.00
19.00
12.00
25.00
17.00
11.00
19.00
20.00
64.00
17.00
11.00
37.00
10.00
22.00
34.00
13.00
13.00
12.00
27.00
28.00
19.00
21.00
21.00
22.00
22.00
14.00
21.00
18.00
16.00
12.00
26.00
10.00
17.00
24.00
20.00
20.00
21.00
29.00
32.00
27.00
13.00
14.00
18.00
32.00
24.00
37.00
25.00
11.00
13.00
16.00
18.00
19.00
10.00
22.00
6.00
28.00
19.00
34.00
14.00
17.00
17.00
13.00
33.00
33.00
15.00
20.00
26.00
15.00
23.00
26.00
16.00
19.00
23.00
18.00
12.00
23.00
20.00
16.00
32.00
13.00
16.00
48.00
18.00
20.00
18.00
23.00
21.00
11.00
22.00
22.00
28.00
36.00
21.00
21.00
23.00
9.00
14.00
18.00
21.00
19.00
22.00
20.00
12.00
25.00
22.00
27.00
5.00
31.00
46.00
19.00
18.00
30.00
13.00
17.00
14.00
32.00
10.00
22.00
15.00
16.00
20.00
21.00
25.00
21.00
20.00
16.00
23.00
