10.00
11.00
11.00
13.00
5.00
7.00
9.00
5.00
7.00
11.00
3.00
10.00
4.00
9.00
4.00
18.00
9.00
11.00
2.00
14.00
9.00
4.00
18.00
14.00
17.00
14.00
15.00
16.00
13.00
9.00
8.00
15.00
21.00
3.00
6.00
7.00
10.00
10.00
4.00
16.00
7.00
14.00
15.00
9.00
8.00
4.00
13.00
8.00
66.00
11.00
10.00
13.00
11.00
15.00
9.00
7.00
4.00
19.00
5.00
11.00
10.00
5.00
5.00
20.00
13.00
6.00
13.00
3.00
15.00
8.00
12.00
3.00
6.00
13.00
10.00
9.00
9.00
9.00
10.00
14.00
17.00
13.00
15.00
18.00
8.00
5.00
11.00
9.00
20.00
22.00
3.00
8.00
7.00
9.00
7.00
12.00
5.00
5.00
14.00
14.00
8.00
8.00
9.00
5.00
7.00
13.00
12.00
4.00
9.00
2.00
11.00
5.00
6.00
5.00
3.00
17.00
12.00
9.00
16.00
10.00
7.00
10.00
12.00
9.00
3.00
6.00
8.00
17.00
7.00
10.00
12.00
6.00
9.00
14.00
13.00
13.00
14.00
11.00
22.00
19.00
9.00
8.00
4.00
13.00
6.00
8.00
12.00
5.00
11.00
10.00
20.00
7.00
4.00
10.00
12.00
8.00
12.00
10.00
8.00
14.00
7.00
5.00
14.00
7.00
7.00
9.00
8.00
7.00
13.00
7.00
10.00
4.00
16.00
12.00
23.00
13.00
13.00
8.00
13.00
10.00
11.00
15.00
11.00
4.00
5.00
12.00
18.00
14.00
7.00
15.00
7.00
20.00
10.00
7.00
8.00
13.00
5.00
8.00
6.00
12.00
7.00
6.00
20.00
9.00
10.00
4.00
13.00
10.00
2.00
7.00
14.00
15.00
9.00
9.00
10.00
6.00
4.00
13.00
13.00
8.00
5.00
13.00
3.00
13.00
4.00
8.00
14.00
5.00
12.00
6.00
13.00
5.00
14.00
10.00
6.00
4.00
13.00
3.00
12.00
9.00
9.00
8.00
6.00
7.00
9.00
5.00
4.00
12.00
8.00
8.00
5.00
7.00
4.00
6.00
16.00
7.00
5.00
9.00
9.00
9.00
7.00
10.00
2.00
20.00
7.00
7.00
19.00
7.00
15.00
9.00
11.00
9.00
11.00
11.00
8.00
11.00
7.00
10.00
10.00
10.00
12.00
9.00
11.00
10.00
7.00
5.00
4.00
7.00
12.00
10.00
9.00
5.00
10.00
10.00
11.00
4.00
10.00
7.00
9.00
20.00
7.00
6.00
8.00
7.00
14.00
12.00
4.00
3.00
13.00
8.00
31.00
6.00
5.00
11.00
8.00
11.00
11.00
16.00
16.00
11.00
8.00
21.00
18.00
8.00
10.00
10.00
4.00
11.00
5.00
7.00
5.00
7.00
8.00
15.00
8.00
5.00
8.00
2.00
7.00
7.00
9.00
8.00
11.00
7.00
3.00
9.00
7.00
12.00
8.00
8.00
6.00
7.00
7.00
9.00
13.00
8.00
4.00
5.00
3.00
5.00
11.00
9.00
6.00
13.00
9.00
9.00
12.00
5.00
9.00
5.00
4.00
12.00
17.00
11.00
10.00
4.00
5.00
8.00
17.00
12.00
7.00
7.00
4.00
10.00
7.00
6.00
11.00
6.00
10.00
7.00
10.00
8.00
10.00
8.00
9.00
4.00
4.00
11.00
10.00
5.00
10.00
5.00
13.00
16.00
23.00
3.00
6.00
11.00
16.00
17.00
9.00
10.00
13.00
11.00
9.00
9.00
13.00
18.00
10.00
7.00
4.00
14.00
9.00
10.00
6.00
3.00
8.00
8.00
5.00
12.00
9.00
7.00
8.00
6.00
9.00
11.00
7.00
12.00
10.00
16.00
2.00
11.00
9.00
6.00
11.00
6.00
4.00
7.00
9.00
5.00
11.00
6.00
22.00
10.00
13.00
1.00
10.00
5.00
5.00
7.00
10.00
10.00
7.00
6.00
10.00
15.00
9.00
8.00
8.00
6.00
5.00
3.00
8.00
10.00
18.00
7.00
3.00
7.00
7.00
10.00
11.00
6.00
10.00
4.00
7.00
8.00
9.00
9.00
18.00
9.00
6.00
7.00
7.00
11.00
6.00
7.00
7.00
8.00
3.00
8.00
7.00
2.00
13.00
9.00
10.00
7.00
7.00
11.00
8.00
5.00
4.00
6.00
6.00
9.00
13.00
9.00
11.00
2.00
3.00
5.00
8.00
5.00
12.00
4.00
5.00
11.00
18.00
7.00
1.00
15.00
21.00
2.00
6.00
8.00
7.00
14.00
4.00
9.00
9.00
9.00
4.00
1.00
4.00
8.00
9.00
12.00
8.00
10.00
13.00
3.00
9.00
9.00
12.00
6.00
9.00
4.00
2.00
8.00
3.00
7.00
13.00
10.00
10.00
9.00
3.00
7.00
12.00
3.00
6.00
5.00
5.00
6.00
29.00
7.00
16.00
2.00
8.00
9.00
9.00
4.00
11.00
7.00
12.00
7.00
4.00
8.00
8.00
2.00
2.00
9.00
5.00
21.00
3.00
10.00
8.00
11.00
7.00
2.00
8.00
8.00
4.00
5.00
12.00
8.00
16.00
5.00
5.00
4.00
3.00
5.00
14.00
12.00
7.00
3.00
18.00
10.00
2.00
1.00
5.00
10.00
6.00
4.00
4.00
4.00
4.00
6.00
6.00
7.00
8.00
5.00
3.00
11.00
6.00
6.00
5.00
4.00
5.00
10.00
9.00
7.00
3.00
7.00
7.00
2.00
5.00
7.00
17.00
7.00
11.00
8.00
8.00
9.00
6.00
9.00
10.00
10.00
10.00
4.00
6.00
3.00
5.00
9.00
10.00
8.00
5.00
7.00
9.00
7.00
14.00
13.00
14.00
8.00
7.00
11.00
8.00
4.00
5.00
8.00
4.00
4.00
5.00
8.00
12.00
4.00
5.00
6.00
6.00
10.00
6.00
7.00
23.00
8.00
11.00
8.00
10.00
8.00
4.00
3.00
3.00
4.00
7.00
6.00
11.00
7.00
7.00
6.00
4.00
7.00
2.00
12.00
4.00
9.00
5.00
20.00
3.00
3.00
12.00
4.00
11.00
2.00
9.00
7.00
3.00
9.00
15.00
8.00
5.00
5.00
15.00
3.00
3.00
6.00
5.00
5.00
11.00
3.00
15.00
9.00
8.00
8.00
6.00
41.00
5.00
5.00
2.00
7.00
6.00
13.00
5.00
8.00
3.00
10.00
6.00
12.00
4.00
1.00
8.00
11.00
4.00
7.00
3.00
4.00
13.00
5.00
10.00
13.00
7.00
14.00
4.00
8.00
6.00
7.00
7.00
4.00
5.00
8.00
7.00
15.00
8.00
12.00
8.00
4.00
8.00
3.00
2.00
9.00
5.00
3.00
11.00
2.00
5.00
7.00
4.00
3.00
4.00
5.00
13.00
9.00
13.00
5.00
