8.00
9.00
8.00
6.00
6.00
38.00
22.00
12.00
2.00
9.00
13.00
16.00
8.00
21.00
16.00
5.00
6.00
50.00
19.00
9.00
3.00
7.00
9.00
13.00
5.00
45.00
6.00
16.00
21.00
17.00
19.00
7.00
5.00
24.00
9.00
8.00
11.00
5.00
14.00
18.00
14.00
9.00
15.00
14.00
18.00
15.00
4.00
10.00
15.00
15.00
12.00
21.00
14.00
58.00
28.00
26.00
5.00
10.00
8.00
17.00
7.00
7.00
29.00
5.00
10.00
25.00
10.00
5.00
70.00
23.00
32.00
7.00
13.00
8.00
8.00
13.00
7.00
6.00
4.00
7.00
9.00
15.00
8.00
9.00
9.00
5.00
39.00
10.00
9.00
10.00
9.00
7.00
9.00
10.00
11.00
12.00
10.00
3.00
11.00
43.00
9.00
12.00
17.00
16.00
10.00
3.00
9.00
16.00
11.00
12.00
8.00
6.00
19.00
14.00
18.00
5.00
8.00
9.00
10.00
50.00
9.00
3.00
9.00
17.00
11.00
12.00
27.00
2.00
12.00
27.00
14.00
15.00
9.00
2.00
20.00
1.00
8.00
10.00
11.00
16.00
10.00
24.00
21.00
4.00
4.00
6.00
4.00
5.00
8.00
12.00
17.00
17.00
15.00
11.00
5.00
21.00
6.00
3.00
5.00
9.00
28.00
10.00
9.00
12.00
6.00
35.00
11.00
13.00
19.00
8.00
7.00
14.00
38.00
10.00
7.00
7.00
13.00
7.00
10.00
6.00
16.00
9.00
31.00
3.00
8.00
16.00
11.00
30.00
5.00
9.00
10.00
2.00
2.00
10.00
5.00
9.00
6.00
5.00
5.00
11.00
14.00
6.00
8.00
8.00
17.00
7.00
1.00
13.00
6.00
5.00
4.00
20.00
15.00
15.00
16.00
17.00
16.00
12.00
8.00
3.00
6.00
3.00
7.00
13.00
10.00
10.00
8.00
9.00
7.00
11.00
7.00
8.00
14.00
7.00
9.00
6.00
11.00
26.00
16.00
25.00
5.00
10.00
13.00
10.00
6.00
14.00
4.00
8.00
7.00
5.00
12.00
10.00
15.00
15.00
12.00
12.00
22.00
11.00
9.00
9.00
9.00
9.00
9.00
17.00
5.00
5.00
9.00
25.00
7.00
5.00
12.00
7.00
7.00
11.00
12.00
8.00
17.00
10.00
3.00
9.00
11.00
15.00
10.00
11.00
24.00
9.00
42.00
13.00
47.00
8.00
12.00
9.00
7.00
7.00
11.00
10.00
9.00
7.00
10.00
6.00
7.00
28.00
2.00
13.00
9.00
4.00
25.00
3.00
14.00
5.00
2.00
10.00
6.00
9.00
8.00
14.00
12.00
12.00
12.00
2.00
8.00
12.00
8.00
5.00
10.00
11.00
14.00
28.00
16.00
3.00
3.00
4.00
12.00
18.00
7.00
23.00
14.00
14.00
10.00
23.00
45.00
4.00
4.00
3.00
11.00
6.00
2.00
4.00
4.00
5.00
11.00
21.00
20.00
10.00
8.00
15.00
56.00
9.00
8.00
3.00
10.00
6.00
7.00
9.00
14.00
12.00
4.00
8.00
12.00
8.00
4.00
8.00
5.00
4.00
6.00
6.00
31.00
11.00
6.00
11.00
12.00
9.00
5.00
19.00
5.00
51.00
18.00
8.00
12.00
26.00
7.00
8.00
4.00
15.00
4.00
10.00
13.00
8.00
8.00
4.00
16.00
4.00
7.00
13.00
10.00
11.00
29.00
13.00
18.00
14.00
12.00
7.00
6.00
9.00
19.00
10.00
14.00
7.00
9.00
13.00
8.00
10.00
6.00
8.00
5.00
6.00
8.00
3.00
5.00
10.00
2.00
4.00
9.00
8.00
9.00
4.00
7.00
6.00
6.00
4.00
8.00
18.00
9.00
6.00
8.00
7.00
10.00
8.00
4.00
10.00
7.00
16.00
4.00
8.00
6.00
9.00
3.00
7.00
10.00
11.00
12.00
21.00
9.00
4.00
18.00
7.00
5.00
2.00
12.00
5.00
7.00
9.00
8.00
3.00
6.00
9.00
5.00
13.00
3.00
2.00
12.00
26.00
9.00
9.00
8.00
6.00
7.00
16.00
28.00
4.00
8.00
6.00
4.00
5.00
26.00
6.00
4.00
7.00
12.00
14.00
13.00
5.00
10.00
31.00
5.00
13.00
11.00
3.00
4.00
8.00
7.00
5.00
7.00
4.00
7.00
17.00
6.00
9.00
14.00
4.00
5.00
27.00
1.00
3.00
13.00
2.00
20.00
20.00
17.00
7.00
13.00
8.00
11.00
7.00
4.00
8.00
9.00
5.00
6.00
6.00
9.00
3.00
4.00
9.00
7.00
7.00
12.00
13.00
13.00
13.00
7.00
6.00
6.00
3.00
7.00
7.00
6.00
2.00
7.00
6.00
8.00
5.00
3.00
11.00
8.00
9.00
7.00
12.00
5.00
5.00
6.00
4.00
6.00
6.00
9.00
6.00
9.00
11.00
6.00
6.00
11.00
4.00
6.00
7.00
7.00
5.00
21.00
10.00
6.00
11.00
7.00
9.00
3.00
12.00
5.00
8.00
15.00
31.00
12.00
5.00
24.00
17.00
5.00
23.00
11.00
6.00
5.00
6.00
4.00
4.00
8.00
2.00
6.00
5.00
6.00
53.00
5.00
5.00
7.00
11.00
4.00
9.00
13.00
7.00
5.00
1.00
14.00
5.00
8.00
8.00
8.00
4.00
9.00
7.00
7.00
8.00
12.00
7.00
6.00
14.00
7.00
8.00
24.00
7.00
7.00
4.00
6.00
7.00
9.00
7.00
13.00
9.00
6.00
6.00
5.00
7.00
2.00
41.00
3.00
7.00
13.00
4.00
7.00
6.00
10.00
6.00
4.00
1.00
4.00
10.00
2.00
6.00
10.00
4.00
9.00
2.00
6.00
9.00
9.00
8.00
5.00
4.00
10.00
13.00
48.00
10.00
5.00
2.00
5.00
11.00
12.00
2.00
8.00
3.00
6.00
8.00
5.00
12.00
4.00
5.00
4.00
8.00
4.00
6.00
8.00
3.00
13.00
3.00
6.00
10.00
5.00
5.00
2.00
10.00
4.00
11.00
5.00
8.00
6.00
8.00
6.00
6.00
16.00
17.00
1.00
11.00
4.00
4.00
3.00
12.00
8.00
6.00
1.00
2.00
8.00
7.00
2.00
13.00
23.00
10.00
8.00
5.00
5.00
3.00
7.00
3.00
4.00
8.00
9.00
6.00
5.00
6.00
3.00
10.00
11.00
7.00
4.00
9.00
2.00
3.00
9.00
3.00
4.00
1.00
7.00
8.00
12.00
1.00
6.00
6.00
9.00
10.00
3.00
2.00
4.00
7.00
11.00
4.00
6.00
1.00
12.00
3.00
8.00
9.00
5.00
8.00
6.00
9.00
5.00
7.00
7.00
9.00
22.00
8.00
4.00
5.00
9.00
3.00
4.00
5.00
