15.00
9.00
23.00
12.00
26.00
38.00
27.00
2.00
41.00
7.00
11.00
9.00
10.00
20.00
23.00
16.00
18.00
9.00
24.00
29.00
12.00
23.00
23.00
6.00
7.00
21.00
15.00
5.00
11.00
13.00
14.00
9.00
16.00
11.00
13.00
12.00
16.00
12.00
10.00
18.00
16.00
15.00
12.00
19.00
19.00
15.00
26.00
10.00
24.00
20.00
18.00
10.00
23.00
16.00
19.00
12.00
11.00
12.00
22.00
16.00
11.00
8.00
15.00
25.00
16.00
8.00
17.00
12.00
12.00
19.00
15.00
18.00
22.00
15.00
20.00
32.00
10.00
27.00
16.00
33.00
19.00
12.00
10.00
26.00
10.00
16.00
31.00
17.00
20.00
19.00
27.00
21.00
10.00
18.00
14.00
14.00
11.00
18.00
25.00
15.00
16.00
14.00
18.00
24.00
13.00
24.00
17.00
22.00
22.00
6.00
27.00
23.00
17.00
20.00
14.00
9.00
16.00
9.00
25.00
35.00
19.00
11.00
18.00
10.00
11.00
15.00
24.00
20.00
13.00
19.00
21.00
16.00
10.00
8.00
19.00
23.00
17.00
20.00
29.00
11.00
14.00
16.00
14.00
12.00
17.00
12.00
14.00
12.00
15.00
11.00
19.00
12.00
12.00
23.00
20.00
15.00
24.00
23.00
14.00
14.00
14.00
31.00
11.00
25.00
20.00
15.00
31.00
8.00
13.00
9.00
9.00
21.00
9.00
17.00
14.00
12.00
18.00
13.00
13.00
25.00
11.00
24.00
16.00
19.00
16.00
15.00
66.00
19.00
15.00
14.00
16.00
10.00
10.00
14.00
59.00
13.00
14.00
18.00
9.00
14.00
15.00
12.00
12.00
12.00
12.00
19.00
8.00
12.00
23.00
6.00
15.00
20.00
32.00
25.00
7.00
8.00
8.00
12.00
12.00
14.00
18.00
8.00
12.00
14.00
16.00
37.00
12.00
10.00
7.00
16.00
8.00
15.00
12.00
20.00
13.00
16.00
9.00
18.00
14.00
18.00
23.00
11.00
15.00
5.00
14.00
18.00
16.00
24.00
32.00
26.00
17.00
10.00
10.00
19.00
19.00
15.00
13.00
9.00
19.00
13.00
16.00
22.00
21.00
14.00
9.00
14.00
5.00
11.00
17.00
9.00
7.00
12.00
13.00
19.00
9.00
9.00
14.00
13.00
10.00
20.00
12.00
28.00
14.00
12.00
13.00
12.00
14.00
15.00
18.00
24.00
17.00
19.00
9.00
23.00
12.00
5.00
16.00
18.00
52.00
16.00
10.00
20.00
8.00
13.00
19.00
14.00
9.00
11.00
19.00
12.00
12.00
14.00
16.00
11.00
11.00
6.00
7.00
13.00
12.00
13.00
11.00
16.00
6.00
11.00
6.00
16.00
11.00
25.00
19.00
25.00
21.00
11.00
20.00
10.00
12.00
25.00
15.00
11.00
24.00
10.00
19.00
8.00
10.00
21.00
20.00
14.00
30.00
18.00
14.00
8.00
9.00
12.00
18.00
6.00
15.00
17.00
24.00
8.00
8.00
14.00
6.00
19.00
6.00
8.00
5.00
6.00
25.00
26.00
16.00
10.00
16.00
21.00
24.00
21.00
12.00
6.00
21.00
13.00
19.00
16.00
13.00
12.00
5.00
13.00
23.00
19.00
12.00
19.00
8.00
15.00
22.00
11.00
21.00
12.00
16.00
21.00
9.00
14.00
15.00
18.00
17.00
13.00
13.00
14.00
10.00
9.00
8.00
34.00
8.00
8.00
23.00
21.00
16.00
10.00
24.00
17.00
16.00
14.00
10.00
19.00
11.00
10.00
20.00
23.00
4.00
18.00
6.00
6.00
19.00
16.00
27.00
24.00
26.00
19.00
28.00
16.00
20.00
13.00
10.00
6.00
9.00
19.00
8.00
11.00
2.00
22.00
15.00
11.00
14.00
30.00
8.00
9.00
10.00
7.00
4.00
15.00
14.00
22.00
11.00
32.00
18.00
16.00
14.00
23.00
18.00
18.00
7.00
10.00
9.00
30.00
13.00
14.00
21.00
27.00
12.00
18.00
7.00
25.00
25.00
15.00
16.00
13.00
10.00
18.00
9.00
14.00
10.00
14.00
19.00
20.00
9.00
5.00
23.00
19.00
15.00
7.00
18.00
16.00
6.00
5.00
17.00
8.00
15.00
7.00
11.00
17.00
17.00
7.00
15.00
18.00
11.00
20.00
14.00
8.00
7.00
23.00
15.00
13.00
17.00
18.00
10.00
23.00
13.00
9.00
15.00
23.00
16.00
28.00
14.00
16.00
11.00
12.00
8.00
16.00
8.00
4.00
30.00
13.00
9.00
12.00
12.00
17.00
12.00
16.00
9.00
16.00
18.00
15.00
18.00
11.00
18.00
18.00
18.00
21.00
8.00
6.00
11.00
11.00
12.00
9.00
16.00
4.00
12.00
18.00
25.00
18.00
14.00
12.00
16.00
15.00
10.00
8.00
9.00
7.00
38.00
6.00
15.00
13.00
8.00
18.00
18.00
5.00
10.00
21.00
15.00
18.00
14.00
15.00
7.00
8.00
22.00
14.00
11.00
25.00
8.00
17.00
13.00
12.00
17.00
12.00
7.00
12.00
13.00
34.00
13.00
14.00
6.00
11.00
21.00
13.00
11.00
7.00
3.00
5.00
7.00
15.00
17.00
15.00
18.00
6.00
21.00
10.00
15.00
12.00
12.00
14.00
12.00
35.00
8.00
13.00
12.00
14.00
20.00
6.00
18.00
9.00
4.00
9.00
10.00
10.00
24.00
9.00
31.00
15.00
15.00
13.00
24.00
6.00
10.00
16.00
16.00
14.00
13.00
5.00
20.00
8.00
12.00
4.00
9.00
12.00
10.00
11.00
10.00
12.00
23.00
18.00
9.00
12.00
14.00
13.00
5.00
10.00
15.00
8.00
18.00
20.00
13.00
16.00
15.00
11.00
6.00
17.00
24.00
9.00
13.00
12.00
20.00
17.00
13.00
13.00
15.00
12.00
16.00
10.00
10.00
13.00
17.00
6.00
27.00
8.00
22.00
10.00
7.00
9.00
17.00
20.00
10.00
5.00
9.00
22.00
19.00
16.00
21.00
15.00
11.00
10.00
22.00
10.00
17.00
6.00
29.00
17.00
7.00
10.00
8.00
4.00
2.00
16.00
19.00
12.00
22.00
14.00
12.00
17.00
19.00
4.00
6.00
13.00
12.00
6.00
10.00
12.00
9.00
15.00
22.00
12.00
21.00
11.00
10.00
2.00
14.00
5.00
20.00
9.00
26.00
9.00
8.00
11.00
16.00
19.00
19.00
2.00
13.00
10.00
8.00
6.00
9.00
13.00
9.00
24.00
13.00
3.00
10.00
7.00
6.00
17.00
15.00
9.00
10.00
8.00
14.00
22.00
21.00
19.00
5.00
12.00
7.00
8.00
8.00
16.00
6.00
5.00
10.00
9.00
13.00
15.00
14.00
10.00
16.00
15.00
