2.00
26.00
21.00
10.00
85.00
17.00
12.00
14.00
3.00
18.00
19.00
8.00
27.00
19.00
7.00
15.00
11.00
10.00
19.00
26.00
5.00
9.00
7.00
2.00
58.00
15.00
13.00
14.00
9.00
8.00
1.00
5.00
2.00
9.00
14.00
12.00
7.00
4.00
29.00
13.00
8.00
13.00
15.00
11.00
6.00
17.00
41.00
6.00
4.00
26.00
39.00
12.00
18.00
36.00
11.00
7.00
9.00
23.00
8.00
10.00
12.00
7.00
8.00
13.00
12.00
8.00
8.00
4.00
32.00
25.00
18.00
13.00
12.00
7.00
31.00
19.00
17.00
12.00
2.00
5.00
12.00
11.00
12.00
2.00
34.00
6.00
7.00
20.00
10.00
14.00
13.00
9.00
13.00
5.00
14.00
6.00
16.00
7.00
10.00
2.00
7.00
7.00
8.00
5.00
18.00
10.00
13.00
10.00
25.00
14.00
15.00
14.00
5.00
12.00
6.00
35.00
6.00
7.00
14.00
20.00
26.00
30.00
9.00
18.00
5.00
9.00
3.00
29.00
7.00
11.00
12.00
7.00
15.00
3.00
7.00
29.00
8.00
11.00
17.00
12.00
15.00
13.00
18.00
16.00
31.00
16.00
30.00
9.00
5.00
23.00
2.00
13.00
9.00
30.00
8.00
7.00
20.00
15.00
11.00
11.00
6.00
15.00
9.00
14.00
23.00
21.00
10.00
3.00
13.00
11.00
7.00
23.00
21.00
6.00
8.00
5.00
5.00
9.00
7.00
10.00
6.00
9.00
11.00
5.00
17.00
14.00
4.00
14.00
10.00
31.00
7.00
4.00
8.00
8.00
4.00
14.00
20.00
8.00
3.00
27.00
7.00
2.00
11.00
16.00
28.00
10.00
30.00
6.00
7.00
44.00
10.00
8.00
7.00
6.00
9.00
9.00
16.00
25.00
9.00
18.00
9.00
12.00
9.00
8.00
7.00
8.00
6.00
11.00
10.00
16.00
17.00
27.00
6.00
14.00
16.00
8.00
2.00
3.00
4.00
8.00
13.00
13.00
6.00
7.00
15.00
11.00
6.00
3.00
5.00
16.00
20.00
4.00
13.00
18.00
5.00
5.00
4.00
6.00
23.00
7.00
6.00
3.00
19.00
7.00
14.00
10.00
19.00
4.00
10.00
29.00
4.00
17.00
4.00
8.00
8.00
3.00
10.00
17.00
40.00
15.00
19.00
8.00
2.00
17.00
2.00
5.00
10.00
11.00
3.00
28.00
7.00
4.00
18.00
22.00
6.00
26.00
5.00
18.00
7.00
3.00
10.00
20.00
13.00
8.00
28.00
7.00
12.00
5.00
7.00
9.00
3.00
6.00
6.00
6.00
8.00
11.00
7.00
15.00
22.00
8.00
7.00
5.00
19.00
8.00
13.00
13.00
16.00
11.00
83.00
7.00
6.00
6.00
10.00
6.00
10.00
24.00
12.00
92.00
4.00
5.00
6.00
7.00
8.00
8.00
5.00
6.00
2.00
4.00
14.00
6.00
6.00
10.00
7.00
7.00
11.00
46.00
15.00
7.00
2.00
7.00
5.00
5.00
5.00
2.00
8.00
5.00
16.00
4.00
9.00
6.00
5.00
5.00
17.00
9.00
7.00
9.00
7.00
10.00
5.00
10.00
56.00
23.00
10.00
11.00
11.00
9.00
20.00
6.00
8.00
5.00
20.00
4.00
6.00
38.00
2.00
2.00
11.00
4.00
8.00
19.00
14.00
5.00
7.00
31.00
6.00
9.00
4.00
3.00
13.00
8.00
12.00
8.00
33.00
10.00
7.00
8.00
9.00
6.00
5.00
8.00
12.00
6.00
5.00
5.00
13.00
3.00
2.00
3.00
31.00
12.00
16.00
5.00
13.00
3.00
60.00
8.00
33.00
11.00
4.00
5.00
6.00
6.00
12.00
14.00
9.00
3.00
10.00
10.00
7.00
15.00
6.00
4.00
2.00
8.00
6.00
11.00
3.00
10.00
7.00
8.00
5.00
7.00
15.00
7.00
9.00
3.00
3.00
8.00
4.00
11.00
7.00
4.00
8.00
12.00
3.00
6.00
2.00
6.00
6.00
4.00
18.00
3.00
7.00
6.00
5.00
3.00
9.00
6.00
3.00
8.00
4.00
10.00
10.00
5.00
3.00
7.00
10.00
8.00
5.00
8.00
9.00
7.00
8.00
9.00
4.00
8.00
5.00
8.00
7.00
19.00
3.00
13.00
2.00
5.00
6.00
11.00
8.00
6.00
30.00
25.00
7.00
10.00
3.00
20.00
3.00
7.00
9.00
7.00
5.00
4.00
16.00
17.00
6.00
5.00
5.00
12.00
11.00
8.00
19.00
5.00
8.00
12.00
5.00
6.00
10.00
7.00
6.00
13.00
4.00
6.00
7.00
2.00
12.00
4.00
18.00
3.00
10.00
6.00
3.00
9.00
6.00
2.00
13.00
4.00
4.00
15.00
12.00
3.00
2.00
18.00
4.00
10.00
4.00
9.00
8.00
5.00
9.00
5.00
2.00
4.00
9.00
13.00
2.00
17.00
1.00
7.00
6.00
8.00
8.00
4.00
2.00
3.00
4.00
4.00
2.00
26.00
2.00
5.00
4.00
5.00
11.00
1.00
5.00
8.00
11.00
8.00
24.00
14.00
7.00
10.00
8.00
35.00
2.00
4.00
13.00
7.00
1.00
6.00
6.00
3.00
5.00
11.00
17.00
7.00
68.00
14.00
10.00
3.00
4.00
6.00
9.00
4.00
9.00
4.00
4.00
35.00
7.00
2.00
11.00
21.00
22.00
3.00
10.00
4.00
6.00
3.00
4.00
4.00
10.00
9.00
7.00
16.00
4.00
4.00
13.00
7.00
3.00
8.00
5.00
2.00
12.00
4.00
6.00
2.00
9.00
10.00
2.00
4.00
5.00
4.00
8.00
2.00
2.00
6.00
4.00
2.00
2.00
4.00
3.00
2.00
5.00
6.00
8.00
3.00
8.00
6.00
4.00
4.00
5.00
4.00
39.00
11.00
12.00
10.00
8.00
10.00
8.00
17.00
2.00
10.00
10.00
5.00
2.00
8.00
8.00
16.00
5.00
3.00
4.00
15.00
2.00
3.00
2.00
5.00
1.00
7.00
6.00
6.00
18.00
3.00
7.00
8.00
12.00
6.00
3.00
6.00
7.00
22.00
5.00
14.00
4.00
7.00
11.00
3.00
4.00
4.00
5.00
9.00
6.00
13.00
6.00
4.00
1.00
2.00
13.00
2.00
2.00
2.00
4.00
10.00
4.00
4.00
3.00
5.00
6.00
10.00
16.00
2.00
2.00
6.00
27.00
4.00
4.00
9.00
3.00
9.00
22.00
15.00
6.00
12.00
4.00
5.00
4.00
7.00
6.00
5.00
3.00
4.00
11.00
13.00
6.00
2.00
5.00
9.00
3.00
1.00
2.00
14.00
7.00
2.00
3.00
3.00
6.00
2.00
2.00
5.00
15.00
3.00
4.00
5.00
