25.00
13.00
13.00
27.00
4.00
5.00
7.00
9.00
28.00
9.00
14.00
8.00
10.00
10.00
16.00
2.00
27.00
5.00
11.00
1.00
6.00
28.00
16.00
8.00
53.00
10.00
10.00
5.00
25.00
5.00
1.00
19.00
14.00
10.00
12.00
9.00
25.00
10.00
4.00
3.00
11.00
5.00
7.00
10.00
7.00
6.00
4.00
5.00
13.00
24.00
24.00
5.00
33.00
6.00
5.00
5.00
42.00
15.00
12.00
5.00
12.00
10.00
7.00
7.00
14.00
11.00
4.00
4.00
3.00
14.00
10.00
8.00
11.00
7.00
5.00
4.00
13.00
7.00
19.00
5.00
25.00
4.00
8.00
6.00
12.00
38.00
27.00
6.00
12.00
5.00
7.00
3.00
12.00
9.00
6.00
31.00
14.00
5.00
9.00
8.00
6.00
10.00
7.00
4.00
24.00
8.00
8.00
7.00
4.00
13.00
6.00
15.00
4.00
20.00
2.00
20.00
9.00
7.00
7.00
11.00
21.00
10.00
45.00
5.00
10.00
9.00
4.00
4.00
7.00
8.00
20.00
3.00
13.00
4.00
19.00
7.00
13.00
8.00
4.00
12.00
6.00
9.00
7.00
1.00
10.00
3.00
22.00
7.00
5.00
32.00
15.00
22.00
18.00
17.00
8.00
6.00
4.00
7.00
1.00
8.00
6.00
10.00
26.00
8.00
8.00
7.00
5.00
12.00
15.00
9.00
48.00
8.00
11.00
10.00
9.00
8.00
5.00
8.00
3.00
51.00
4.00
10.00
8.00
10.00
6.00
19.00
6.00
9.00
5.00
5.00
6.00
8.00
9.00
8.00
12.00
4.00
2.00
4.00
9.00
10.00
4.00
5.00
4.00
13.00
9.00
13.00
4.00
18.00
13.00
7.00
6.00
10.00
7.00
11.00
8.00
8.00
6.00
9.00
2.00
11.00
6.00
9.00
15.00
15.00
4.00
5.00
2.00
7.00
22.00
46.00
10.00
8.00
5.00
8.00
14.00
4.00
9.00
5.00
17.00
11.00
10.00
7.00
5.00
13.00
7.00
9.00
4.00
6.00
5.00
5.00
4.00
8.00
7.00
7.00
15.00
11.00
10.00
18.00
8.00
1.00
6.00
4.00
10.00
3.00
5.00
11.00
8.00
5.00
7.00
3.00
4.00
10.00
2.00
9.00
8.00
6.00
4.00
4.00
26.00
15.00
6.00
9.00
4.00
5.00
8.00
15.00
7.00
7.00
15.00
3.00
4.00
6.00
9.00
9.00
5.00
25.00
8.00
6.00
9.00
11.00
12.00
5.00
23.00
3.00
21.00
2.00
4.00
5.00
10.00
6.00
46.00
8.00
12.00
10.00
6.00
5.00
3.00
5.00
5.00
8.00
3.00
6.00
5.00
28.00
4.00
2.00
21.00
4.00
3.00
6.00
6.00
9.00
3.00
10.00
5.00
9.00
8.00
11.00
8.00
8.00
2.00
5.00
8.00
6.00
4.00
7.00
48.00
13.00
13.00
5.00
6.00
5.00
5.00
4.00
7.00
24.00
4.00
5.00
5.00
25.00
17.00
6.00
12.00
9.00
9.00
6.00
8.00
12.00
3.00
4.00
11.00
4.00
14.00
41.00
16.00
31.00
6.00
37.00
8.00
12.00
5.00
16.00
6.00
8.00
7.00
8.00
5.00
41.00
7.00
6.00
4.00
6.00
8.00
8.00
14.00
4.00
4.00
4.00
24.00
4.00
4.00
4.00
3.00
5.00
7.00
4.00
2.00
3.00
7.00
16.00
3.00
35.00
6.00
4.00
5.00
3.00
7.00
7.00
4.00
22.00
6.00
6.00
3.00
6.00
5.00
18.00
8.00
6.00
8.00
3.00
3.00
9.00
9.00
10.00
7.00
6.00
7.00
4.00
4.00
3.00
3.00
1.00
6.00
9.00
7.00
8.00
4.00
9.00
9.00
6.00
17.00
8.00
12.00
8.00
25.00
5.00
4.00
8.00
6.00
6.00
8.00
14.00
6.00
9.00
5.00
5.00
7.00
5.00
5.00
26.00
60.00
5.00
3.00
9.00
7.00
5.00
9.00
5.00
6.00
7.00
7.00
2.00
7.00
7.00
19.00
6.00
2.00
8.00
2.00
18.00
13.00
6.00
9.00
2.00
29.00
5.00
15.00
9.00
1.00
1.00
2.00
4.00
9.00
14.00
8.00
16.00
14.00
1.00
1.00
6.00
5.00
7.00
2.00
15.00
11.00
8.00
3.00
6.00
12.00
4.00
25.00
5.00
12.00
7.00
12.00
5.00
7.00
5.00
8.00
5.00
4.00
8.00
24.00
7.00
7.00
12.00
7.00
7.00
17.00
3.00
6.00
8.00
10.00
7.00
4.00
8.00
3.00
20.00
2.00
15.00
13.00
6.00
6.00
3.00
2.00
6.00
6.00
5.00
6.00
8.00
6.00
4.00
2.00
13.00
9.00
3.00
1.00
2.00
14.00
2.00
3.00
12.00
6.00
5.00
15.00
6.00
9.00
4.00
9.00
16.00
10.00
4.00
4.00
4.00
7.00
4.00
5.00
8.00
3.00
2.00
4.00
8.00
13.00
2.00
10.00
7.00
9.00
11.00
8.00
3.00
5.00
10.00
23.00
4.00
5.00
4.00
4.00
7.00
9.00
6.00
10.00
8.00
10.00
7.00
6.00
2.00
37.00
10.00
10.00
2.00
8.00
9.00
3.00
3.00
14.00
9.00
5.00
7.00
8.00
6.00
8.00
4.00
5.00
10.00
3.00
3.00
5.00
5.00
1.00
3.00
4.00
2.00
6.00
17.00
1.00
3.00
8.00
6.00
6.00
3.00
8.00
3.00
10.00
4.00
3.00
6.00
1.00
8.00
6.00
6.00
4.00
2.00
15.00
15.00
6.00
2.00
5.00
2.00
3.00
2.00
3.00
5.00
6.00
12.00
11.00
5.00
6.00
5.00
2.00
4.00
4.00
11.00
5.00
9.00
15.00
6.00
3.00
2.00
3.00
2.00
2.00
6.00
7.00
5.00
11.00
4.00
5.00
5.00
5.00
4.00
2.00
5.00
3.00
5.00
4.00
4.00
3.00
7.00
8.00
5.00
5.00
5.00
8.00
5.00
6.00
5.00
11.00
7.00
4.00
8.00
2.00
1.00
4.00
8.00
1.00
1.00
8.00
3.00
2.00
3.00
13.00
9.00
7.00
2.00
2.00
3.00
8.00
27.00
4.00
4.00
6.00
3.00
5.00
11.00
7.00
4.00
9.00
5.00
4.00
3.00
4.00
2.00
3.00
2.00
4.00
3.00
14.00
6.00
11.00
4.00
4.00
9.00
20.00
4.00
1.00
4.00
1.00
6.00
6.00
4.00
3.00
6.00
5.00
8.00
12.00
2.00
2.00
2.00
4.00
5.00
4.00
4.00
6.00
1.00
1.00
8.00
5.00
3.00
6.00
6.00
4.00
7.00
7.00
7.00
4.00
6.00
2.00
4.00
3.00
4.00
