10.00
8.00
32.00
14.00
30.00
14.00
16.00
16.00
24.00
14.00
5.00
21.00
8.00
8.00
17.00
11.00
8.00
19.00
13.00
7.00
40.00
13.00
24.00
32.00
31.00
24.00
17.00
13.00
24.00
19.00
12.00
9.00
10.00
5.00
15.00
16.00
48.00
10.00
14.00
15.00
11.00
52.00
11.00
6.00
7.00
7.00
9.00
23.00
17.00
10.00
10.00
21.00
5.00
10.00
11.00
12.00
11.00
19.00
33.00
9.00
5.00
14.00
8.00
19.00
25.00
12.00
18.00
10.00
28.00
53.00
11.00
9.00
15.00
17.00
26.00
23.00
11.00
5.00
9.00
9.00
7.00
9.00
11.00
13.00
10.00
2.00
17.00
14.00
16.00
31.00
6.00
16.00
21.00
38.00
7.00
9.00
16.00
8.00
7.00
12.00
10.00
13.00
11.00
18.00
13.00
11.00
14.00
17.00
18.00
16.00
29.00
5.00
24.00
5.00
5.00
7.00
15.00
11.00
11.00
22.00
9.00
10.00
18.00
12.00
12.00
5.00
13.00
17.00
16.00
7.00
16.00
10.00
17.00
19.00
15.00
10.00
9.00
16.00
9.00
13.00
8.00
15.00
14.00
11.00
11.00
6.00
23.00
14.00
12.00
9.00
11.00
9.00
14.00
7.00
10.00
17.00
10.00
16.00
10.00
11.00
14.00
10.00
10.00
10.00
17.00
20.00
9.00
12.00
13.00
11.00
34.00
4.00
15.00
11.00
28.00
15.00
14.00
52.00
4.00
13.00
15.00
5.00
10.00
13.00
12.00
17.00
9.00
23.00
6.00
12.00
17.00
13.00
11.00
13.00
12.00
14.00
6.00
22.00
21.00
6.00
11.00
6.00
9.00
8.00
15.00
9.00
9.00
19.00
35.00
20.00
13.00
29.00
8.00
15.00
14.00
27.00
16.00
6.00
18.00
12.00
18.00
19.00
13.00
5.00
14.00
13.00
27.00
12.00
9.00
14.00
27.00
12.00
9.00
11.00
9.00
13.00
16.00
27.00
13.00
12.00
14.00
18.00
14.00
15.00
22.00
10.00
11.00
15.00
17.00
17.00
17.00
14.00
10.00
14.00
24.00
8.00
9.00
11.00
10.00
11.00
5.00
6.00
9.00
11.00
7.00
10.00
10.00
10.00
10.00
12.00
10.00
9.00
7.00
17.00
9.00
16.00
28.00
13.00
32.00
11.00
13.00
8.00
12.00
10.00
11.00
11.00
9.00
16.00
18.00
18.00
10.00
16.00
12.00
6.00
23.00
11.00
7.00
13.00
31.00
24.00
22.00
10.00
11.00
17.00
13.00
18.00
14.00
13.00
7.00
10.00
17.00
18.00
5.00
11.00
34.00
19.00
14.00
13.00
8.00
15.00
15.00
17.00
18.00
10.00
7.00
27.00
10.00
20.00
12.00
10.00
9.00
10.00
19.00
8.00
32.00
14.00
29.00
37.00
12.00
13.00
18.00
10.00
11.00
10.00
12.00
9.00
15.00
17.00
10.00
13.00
9.00
12.00
10.00
11.00
9.00
6.00
7.00
9.00
19.00
22.00
17.00
32.00
21.00
6.00
27.00
12.00
14.00
12.00
15.00
8.00
9.00
9.00
12.00
14.00
13.00
19.00
14.00
12.00
8.00
22.00
14.00
5.00
48.00
17.00
16.00
13.00
18.00
13.00
12.00
23.00
22.00
17.00
21.00
10.00
11.00
20.00
7.00
8.00
5.00
11.00
21.00
16.00
15.00
16.00
11.00
34.00
7.00
28.00
10.00
9.00
18.00
9.00
11.00
16.00
14.00
13.00
11.00
16.00
18.00
6.00
5.00
8.00
12.00
8.00
12.00
9.00
11.00
5.00
6.00
19.00
9.00
8.00
18.00
14.00
12.00
19.00
9.00
8.00
6.00
10.00
9.00
16.00
14.00
24.00
7.00
5.00
16.00
9.00
14.00
23.00
15.00
12.00
12.00
8.00
10.00
22.00
10.00
8.00
18.00
19.00
11.00
13.00
13.00
5.00
17.00
14.00
13.00
19.00
9.00
37.00
11.00
7.00
8.00
20.00
6.00
15.00
7.00
11.00
20.00
12.00
7.00
5.00
5.00
16.00
15.00
11.00
7.00
14.00
7.00
13.00
13.00
11.00
11.00
4.00
14.00
6.00
9.00
10.00
10.00
7.00
10.00
11.00
16.00
13.00
13.00
18.00
12.00
11.00
11.00
30.00
29.00
17.00
7.00
9.00
11.00
16.00
9.00
10.00
17.00
14.00
7.00
13.00
10.00
11.00
17.00
13.00
15.00
13.00
8.00
21.00
6.00
12.00
9.00
11.00
10.00
15.00
5.00
10.00
14.00
13.00
10.00
6.00
10.00
14.00
10.00
12.00
12.00
13.00
11.00
8.00
11.00
14.00
18.00
12.00
6.00
5.00
18.00
10.00
25.00
22.00
11.00
13.00
14.00
12.00
15.00
22.00
24.00
7.00
6.00
19.00
9.00
25.00
17.00
7.00
8.00
12.00
13.00
16.00
7.00
12.00
14.00
9.00
20.00
14.00
7.00
12.00
22.00
11.00
5.00
10.00
9.00
12.00
8.00
12.00
6.00
7.00
21.00
7.00
7.00
5.00
11.00
5.00
10.00
10.00
8.00
8.00
18.00
11.00
10.00
19.00
4.00
21.00
15.00
14.00
8.00
2.00
32.00
9.00
7.00
18.00
6.00
12.00
14.00
13.00
11.00
19.00
5.00
6.00
15.00
17.00
7.00
9.00
12.00
18.00
10.00
7.00
5.00
14.00
6.00
13.00
21.00
5.00
9.00
20.00
17.00
5.00
7.00
8.00
12.00
8.00
7.00
18.00
17.00
10.00
17.00
8.00
24.00
4.00
14.00
5.00
11.00
14.00
17.00
18.00
11.00
18.00
16.00
44.00
20.00
11.00
11.00
20.00
11.00
3.00
14.00
4.00
12.00
12.00
13.00
8.00
7.00
10.00
11.00
13.00
10.00
7.00
10.00
31.00
9.00
8.00
17.00
6.00
11.00
10.00
11.00
12.00
10.00
45.00
17.00
12.00
8.00
15.00
14.00
3.00
12.00
13.00
24.00
10.00
13.00
6.00
17.00
11.00
9.00
8.00
9.00
13.00
7.00
14.00
22.00
12.00
14.00
5.00
9.00
16.00
10.00
29.00
11.00
13.00
14.00
10.00
6.00
8.00
6.00
7.00
6.00
10.00
17.00
6.00
13.00
9.00
7.00
12.00
13.00
19.00
13.00
9.00
4.00
6.00
7.00
10.00
8.00
15.00
9.00
9.00
8.00
9.00
8.00
6.00
11.00
20.00
6.00
9.00
34.00
7.00
5.00
13.00
5.00
5.00
14.00
2.00
14.00
17.00
17.00
5.00
11.00
12.00
9.00
4.00
6.00
16.00
12.00
2.00
12.00
8.00
10.00
15.00
17.00
12.00
14.00
14.00
5.00
5.00
10.00
4.00
10.00
13.00
5.00
13.00
13.00
15.00
