10.00
15.00
12.00
16.00
16.00
12.00
16.00
52.00
24.00
19.00
13.00
15.00
12.00
14.00
23.00
9.00
40.00
16.00
19.00
17.00
27.00
23.00
24.00
38.00
12.00
20.00
22.00
24.00
7.00
18.00
16.00
26.00
27.00
22.00
18.00
29.00
21.00
18.00
18.00
22.00
29.00
20.00
22.00
21.00
25.00
18.00
19.00
26.00
10.00
26.00
20.00
17.00
14.00
12.00
16.00
21.00
26.00
9.00
13.00
27.00
10.00
23.00
11.00
17.00
23.00
17.00
20.00
18.00
18.00
18.00
26.00
29.00
14.00
19.00
15.00
14.00
25.00
15.00
20.00
31.00
14.00
25.00
18.00
14.00
12.00
34.00
19.00
19.00
20.00
35.00
17.00
21.00
15.00
19.00
13.00
20.00
19.00
15.00
20.00
33.00
12.00
14.00
27.00
21.00
24.00
17.00
10.00
10.00
16.00
15.00
20.00
22.00
22.00
71.00
22.00
22.00
25.00
15.00
20.00
11.00
34.00
13.00
54.00
19.00
13.00
34.00
17.00
9.00
16.00
19.00
30.00
12.00
16.00
10.00
30.00
19.00
14.00
19.00
30.00
14.00
19.00
13.00
36.00
26.00
40.00
9.00
41.00
25.00
22.00
19.00
20.00
19.00
15.00
26.00
23.00
21.00
17.00
23.00
35.00
14.00
25.00
21.00
26.00
25.00
41.00
18.00
18.00
12.00
12.00
23.00
25.00
26.00
17.00
18.00
26.00
17.00
31.00
12.00
13.00
13.00
26.00
21.00
16.00
15.00
27.00
12.00
16.00
24.00
17.00
20.00
20.00
15.00
24.00
22.00
30.00
23.00
17.00
13.00
27.00
17.00
20.00
13.00
68.00
14.00
21.00
37.00
24.00
15.00
21.00
30.00
26.00
14.00
22.00
32.00
13.00
18.00
22.00
19.00
12.00
24.00
17.00
20.00
20.00
26.00
9.00
8.00
25.00
11.00
15.00
19.00
20.00
23.00
13.00
16.00
20.00
16.00
17.00
16.00
17.00
24.00
26.00
33.00
19.00
13.00
16.00
14.00
24.00
15.00
21.00
10.00
20.00
22.00
23.00
21.00
44.00
25.00
17.00
13.00
17.00
26.00
18.00
28.00
8.00
29.00
15.00
33.00
41.00
16.00
8.00
12.00
19.00
16.00
10.00
46.00
24.00
31.00
13.00
20.00
17.00
18.00
25.00
8.00
17.00
15.00
13.00
23.00
28.00
10.00
41.00
18.00
18.00
14.00
19.00
19.00
14.00
29.00
10.00
24.00
9.00
16.00
21.00
14.00
20.00
13.00
14.00
22.00
30.00
24.00
28.00
23.00
22.00
13.00
15.00
20.00
18.00
23.00
7.00
13.00
8.00
13.00
21.00
62.00
40.00
25.00
24.00
41.00
8.00
11.00
22.00
13.00
16.00
22.00
18.00
33.00
11.00
15.00
22.00
29.00
29.00
27.00
17.00
25.00
19.00
23.00
24.00
20.00
21.00
16.00
36.00
21.00
18.00
11.00
13.00
23.00
23.00
17.00
12.00
11.00
8.00
12.00
19.00
25.00
18.00
34.00
16.00
29.00
24.00
16.00
18.00
24.00
20.00
19.00
18.00
12.00
24.00
14.00
19.00
18.00
13.00
18.00
22.00
16.00
22.00
21.00
20.00
17.00
21.00
10.00
22.00
15.00
13.00
15.00
20.00
22.00
11.00
17.00
21.00
21.00
24.00
40.00
11.00
22.00
17.00
13.00
20.00
16.00
42.00
19.00
21.00
11.00
15.00
14.00
14.00
15.00
20.00
21.00
25.00
27.00
19.00
14.00
14.00
16.00
16.00
12.00
29.00
43.00
17.00
16.00
15.00
8.00
25.00
13.00
21.00
23.00
27.00
20.00
35.00
22.00
15.00
19.00
20.00
10.00
23.00
22.00
31.00
19.00
33.00
19.00
15.00
31.00
24.00
23.00
29.00
16.00
17.00
18.00
23.00
26.00
24.00
19.00
16.00
22.00
21.00
12.00
20.00
26.00
18.00
18.00
16.00
13.00
16.00
17.00
15.00
11.00
12.00
17.00
28.00
13.00
58.00
28.00
22.00
22.00
31.00
21.00
9.00
8.00
17.00
16.00
27.00
9.00
16.00
7.00
10.00
26.00
20.00
36.00
15.00
26.00
14.00
18.00
11.00
13.00
24.00
9.00
21.00
23.00
24.00
18.00
20.00
28.00
21.00
15.00
15.00
14.00
22.00
15.00
24.00
29.00
16.00
18.00
15.00
17.00
34.00
22.00
21.00
24.00
18.00
17.00
17.00
28.00
30.00
24.00
22.00
21.00
24.00
12.00
12.00
17.00
21.00
10.00
31.00
18.00
10.00
17.00
20.00
11.00
8.00
16.00
17.00
18.00
17.00
19.00
22.00
16.00
25.00
27.00
8.00
26.00
33.00
26.00
16.00
21.00
20.00
29.00
30.00
24.00
11.00
17.00
17.00
13.00
26.00
23.00
13.00
25.00
11.00
15.00
12.00
19.00
13.00
12.00
18.00
14.00
39.00
21.00
16.00
23.00
6.00
12.00
25.00
11.00
8.00
11.00
17.00
15.00
21.00
16.00
24.00
19.00
13.00
15.00
14.00
6.00
18.00
24.00
29.00
24.00
26.00
13.00
11.00
16.00
12.00
20.00
12.00
22.00
18.00
13.00
41.00
11.00
14.00
21.00
16.00
26.00
10.00
11.00
27.00
13.00
10.00
11.00
12.00
14.00
12.00
25.00
5.00
20.00
18.00
23.00
16.00
13.00
10.00
23.00
17.00
25.00
12.00
20.00
10.00
9.00
19.00
27.00
10.00
15.00
13.00
13.00
23.00
9.00
22.00
19.00
26.00
21.00
15.00
9.00
23.00
22.00
29.00
19.00
16.00
12.00
9.00
18.00
17.00
18.00
10.00
27.00
19.00
12.00
20.00
13.00
28.00
22.00
16.00
22.00
18.00
21.00
17.00
22.00
19.00
10.00
18.00
15.00
11.00
13.00
6.00
25.00
10.00
18.00
17.00
18.00
32.00
20.00
22.00
14.00
12.00
22.00
13.00
16.00
11.00
20.00
14.00
11.00
26.00
5.00
12.00
18.00
12.00
14.00
11.00
18.00
34.00
8.00
12.00
14.00
13.00
18.00
21.00
16.00
22.00
17.00
18.00
9.00
17.00
18.00
9.00
24.00
11.00
27.00
15.00
17.00
15.00
15.00
9.00
14.00
17.00
17.00
12.00
10.00
6.00
22.00
11.00
17.00
19.00
35.00
17.00
35.00
23.00
13.00
23.00
9.00
19.00
13.00
24.00
12.00
9.00
32.00
13.00
49.00
23.00
12.00
12.00
7.00
13.00
23.00
20.00
21.00
9.00
20.00
14.00
21.00
9.00
20.00
9.00
16.00
15.00
18.00
12.00
22.00
15.00
20.00
29.00
15.00
13.00
16.00
16.00
16.00
10.00
12.00
28.00
12.00
17.00
17.00
24.00
11.00
