3.00
5.00
2.00
12.00
11.00
3.00
6.00
11.00
22.00
5.00
3.00
9.00
15.00
6.00
9.00
14.00
6.00
5.00
8.00
3.00
9.00
9.00
19.00
3.00
15.00
7.00
5.00
5.00
4.00
11.00
12.00
1.00
4.00
20.00
6.00
15.00
8.00
20.00
4.00
7.00
10.00
11.00
7.00
9.00
6.00
10.00
6.00
4.00
9.00
11.00
9.00
4.00
7.00
8.00
8.00
13.00
10.00
11.00
7.00
8.00
9.00
6.00
8.00
3.00
1.00
4.00
10.00
4.00
14.00
15.00
17.00
4.00
4.00
4.00
11.00
11.00
14.00
10.00
11.00
6.00
7.00
14.00
10.00
6.00
12.00
7.00
14.00
13.00
8.00
7.00
13.00
5.00
5.00
8.00
8.00
9.00
2.00
5.00
8.00
7.00
5.00
9.00
13.00
8.00
7.00
3.00
12.00
6.00
9.00
9.00
11.00
3.00
16.00
10.00
12.00
8.00
8.00
10.00
11.00
12.00
11.00
13.00
11.00
8.00
7.00
5.00
10.00
5.00
7.00
10.00
11.00
20.00
10.00
3.00
5.00
5.00
12.00
6.00
5.00
8.00
17.00
6.00
6.00
3.00
15.00
6.00
5.00
9.00
7.00
6.00
5.00
5.00
19.00
15.00
17.00
16.00
15.00
5.00
5.00
8.00
5.00
8.00
5.00
8.00
6.00
20.00
21.00
8.00
9.00
6.00
3.00
18.00
5.00
7.00
7.00
8.00
6.00
5.00
9.00
10.00
4.00
9.00
16.00
12.00
3.00
9.00
13.00
6.00
9.00
13.00
6.00
13.00
7.00
22.00
4.00
8.00
20.00
8.00
8.00
14.00
8.00
9.00
5.00
7.00
8.00
7.00
4.00
16.00
4.00
11.00
4.00
8.00
6.00
13.00
7.00
10.00
9.00
7.00
5.00
9.00
5.00
14.00
15.00
11.00
10.00
9.00
6.00
14.00
7.00
5.00
11.00
9.00
10.00
11.00
7.00
10.00
7.00
8.00
3.00
13.00
6.00
5.00
3.00
9.00
4.00
12.00
10.00
19.00
4.00
5.00
8.00
9.00
12.00
13.00
6.00
13.00
12.00
5.00
12.00
9.00
10.00
11.00
5.00
9.00
3.00
7.00
4.00
8.00
7.00
6.00
11.00
5.00
10.00
2.00
5.00
6.00
5.00
9.00
10.00
4.00
7.00
6.00
17.00
8.00
11.00
9.00
15.00
3.00
10.00
8.00
8.00
9.00
9.00
15.00
11.00
8.00
18.00
5.00
6.00
15.00
7.00
8.00
7.00
15.00
3.00
8.00
6.00
4.00
7.00
4.00
16.00
5.00
5.00
9.00
10.00
10.00
5.00
10.00
5.00
10.00
6.00
10.00
6.00
3.00
10.00
7.00
6.00
7.00
5.00
5.00
6.00
10.00
8.00
11.00
4.00
9.00
8.00
3.00
7.00
3.00
9.00
20.00
5.00
10.00
7.00
2.00
5.00
5.00
5.00
8.00
9.00
6.00
9.00
16.00
7.00
9.00
8.00
3.00
11.00
6.00
9.00
18.00
8.00
9.00
11.00
6.00
9.00
6.00
4.00
14.00
3.00
16.00
11.00
4.00
3.00
6.00
9.00
6.00
5.00
7.00
6.00
6.00
8.00
8.00
11.00
11.00
5.00
4.00
10.00
10.00
2.00
7.00
8.00
7.00
8.00
9.00
9.00
10.00
10.00
7.00
11.00
8.00
8.00
8.00
12.00
13.00
7.00
7.00
13.00
4.00
12.00
8.00
10.00
4.00
5.00
15.00
5.00
4.00
4.00
6.00
7.00
11.00
9.00
19.00
9.00
4.00
2.00
7.00
9.00
6.00
3.00
8.00
7.00
7.00
9.00
5.00
9.00
4.00
17.00
2.00
10.00
2.00
11.00
11.00
9.00
8.00
12.00
10.00
3.00
10.00
6.00
7.00
3.00
9.00
11.00
6.00
6.00
8.00
8.00
7.00
4.00
7.00
3.00
9.00
9.00
10.00
5.00
11.00
3.00
5.00
12.00
6.00
14.00
3.00
7.00
5.00
9.00
6.00
9.00
3.00
11.00
5.00
4.00
4.00
7.00
13.00
5.00
11.00
9.00
10.00
4.00
6.00
10.00
4.00
7.00
6.00
6.00
7.00
10.00
8.00
4.00
3.00
10.00
6.00
2.00
5.00
9.00
16.00
7.00
13.00
3.00
8.00
4.00
13.00
2.00
6.00
6.00
8.00
7.00
5.00
2.00
9.00
11.00
3.00
6.00
3.00
5.00
4.00
7.00
5.00
2.00
10.00
7.00
5.00
8.00
10.00
19.00
3.00
7.00
10.00
4.00
10.00
13.00
10.00
6.00
5.00
4.00
5.00
12.00
10.00
4.00
8.00
3.00
7.00
5.00
15.00
6.00
5.00
10.00
6.00
9.00
8.00
9.00
11.00
4.00
8.00
11.00
4.00
4.00
11.00
10.00
6.00
9.00
6.00
9.00
7.00
8.00
6.00
9.00
7.00
6.00
3.00
4.00
9.00
8.00
4.00
3.00
9.00
8.00
3.00
4.00
6.00
6.00
7.00
5.00
9.00
1.00
11.00
6.00
6.00
6.00
11.00
12.00
3.00
6.00
6.00
5.00
3.00
12.00
3.00
2.00
7.00
4.00
2.00
3.00
8.00
12.00
11.00
7.00
5.00
6.00
10.00
8.00
3.00
12.00
7.00
10.00
9.00
6.00
1.00
8.00
3.00
3.00
1.00
6.00
6.00
7.00
5.00
3.00
8.00
8.00
5.00
10.00
4.00
11.00
17.00
7.00
8.00
5.00
8.00
8.00
8.00
6.00
25.00
3.00
6.00
7.00
6.00
4.00
5.00
3.00
10.00
15.00
15.00
9.00
6.00
3.00
3.00
1.00
4.00
8.00
3.00
4.00
12.00
3.00
4.00
16.00
2.00
6.00
7.00
13.00
4.00
4.00
7.00
5.00
3.00
7.00
11.00
6.00
6.00
2.00
4.00
7.00
6.00
6.00
9.00
2.00
2.00
2.00
6.00
7.00
1.00
6.00
3.00
2.00
7.00
8.00
5.00
5.00
2.00
6.00
5.00
7.00
9.00
5.00
6.00
6.00
6.00
5.00
3.00
4.00
2.00
6.00
3.00
2.00
6.00
7.00
7.00
6.00
10.00
11.00
2.00
7.00
3.00
7.00
2.00
6.00
8.00
8.00
6.00
10.00
4.00
5.00
7.00
9.00
5.00
5.00
10.00
5.00
4.00
6.00
2.00
8.00
8.00
7.00
10.00
9.00
3.00
7.00
6.00
14.00
2.00
4.00
11.00
2.00
7.00
9.00
5.00
8.00
3.00
4.00
5.00
4.00
10.00
8.00
11.00
5.00
6.00
5.00
7.00
2.00
5.00
12.00
5.00
12.00
3.00
1.00
2.00
4.00
3.00
8.00
3.00
6.00
5.00
3.00
4.00
6.00
1.00
9.00
3.00
