16.00
10.00
20.00
7.00
14.00
19.00
17.00
3.00
16.00
20.00
8.00
1.00
4.00
6.00
23.00
7.00
14.00
4.00
10.00
5.00
11.00
10.00
4.00
3.00
5.00
2.00
6.00
11.00
8.00
6.00
8.00
19.00
5.00
6.00
4.00
11.00
4.00
3.00
11.00
29.00
5.00
7.00
3.00
3.00
7.00
6.00
6.00
6.00
19.00
10.00
5.00
6.00
28.00
5.00
16.00
23.00
2.00
15.00
5.00
3.00
44.00
13.00
6.00
9.00
9.00
7.00
11.00
20.00
6.00
14.00
15.00
10.00
8.00
18.00
27.00
2.00
13.00
26.00
2.00
4.00
11.00
7.00
4.00
14.00
18.00
60.00
15.00
5.00
4.00
8.00
12.00
14.00
4.00
11.00
13.00
12.00
19.00
5.00
13.00
6.00
16.00
3.00
10.00
7.00
6.00
17.00
22.00
35.00
19.00
21.00
7.00
5.00
4.00
8.00
8.00
6.00
10.00
6.00
3.00
16.00
17.00
25.00
9.00
1.00
4.00
3.00
2.00
12.00
4.00
9.00
6.00
11.00
7.00
8.00
20.00
37.00
10.00
28.00
6.00
17.00
55.00
4.00
13.00
18.00
3.00
11.00
4.00
5.00
20.00
5.00
20.00
2.00
9.00
3.00
9.00
15.00
16.00
5.00
37.00
13.00
12.00
13.00
5.00
13.00
11.00
4.00
16.00
4.00
18.00
14.00
5.00
4.00
2.00
4.00
5.00
3.00
14.00
22.00
9.00
2.00
13.00
8.00
4.00
19.00
7.00
5.00
33.00
4.00
3.00
13.00
4.00
23.00
48.00
6.00
7.00
17.00
6.00
51.00
7.00
14.00
4.00
8.00
10.00
1.00
9.00
6.00
34.00
8.00
6.00
5.00
10.00
11.00
4.00
3.00
14.00
10.00
23.00
8.00
7.00
3.00
5.00
2.00
20.00
15.00
13.00
17.00
3.00
8.00
18.00
3.00
3.00
27.00
4.00
4.00
3.00
5.00
17.00
21.00
3.00
20.00
2.00
16.00
5.00
3.00
14.00
6.00
2.00
10.00
11.00
6.00
4.00
4.00
9.00
7.00
15.00
18.00
4.00
10.00
9.00
5.00
16.00
11.00
4.00
6.00
4.00
3.00
8.00
13.00
3.00
6.00
4.00
10.00
8.00
9.00
2.00
27.00
4.00
20.00
1.00
11.00
3.00
6.00
10.00
7.00
2.00
3.00
3.00
2.00
1.00
15.00
12.00
8.00
2.00
8.00
21.00
5.00
86.00
19.00
6.00
5.00
5.00
2.00
9.00
2.00
41.00
5.00
4.00
10.00
12.00
8.00
4.00
16.00
8.00
3.00
2.00
32.00
7.00
2.00
25.00
5.00
7.00
6.00
4.00
4.00
5.00
6.00
1.00
3.00
3.00
6.00
6.00
10.00
2.00
4.00
3.00
10.00
5.00
5.00
13.00
3.00
8.00
6.00
5.00
4.00
7.00
12.00
5.00
20.00
4.00
8.00
6.00
16.00
1.00
15.00
5.00
2.00
19.00
13.00
1.00
1.00
2.00
8.00
5.00
10.00
4.00
10.00
11.00
9.00
7.00
7.00
8.00
12.00
9.00
7.00
6.00
5.00
7.00
5.00
7.00
27.00
8.00
3.00
2.00
11.00
3.00
4.00
5.00
7.00
6.00
21.00
11.00
3.00
4.00
5.00
9.00
7.00
2.00
12.00
1.00
12.00
2.00
2.00
9.00
5.00
5.00
9.00
12.00
5.00
3.00
12.00
6.00
5.00
17.00
4.00
8.00
4.00
5.00
7.00
3.00
4.00
22.00
6.00
3.00
19.00
1.00
2.00
2.00
9.00
4.00
3.00
10.00
3.00
3.00
5.00
3.00
18.00
12.00
6.00
9.00
8.00
8.00
3.00
5.00
2.00
4.00
6.00
2.00
13.00
3.00
11.00
7.00
30.00
9.00
8.00
3.00
1.00
4.00
3.00
2.00
4.00
3.00
9.00
13.00
9.00
1.00
11.00
2.00
9.00
6.00
3.00
11.00
3.00
29.00
7.00
4.00
1.00
4.00
17.00
12.00
8.00
23.00
2.00
14.00
11.00
3.00
9.00
2.00
10.00
5.00
11.00
23.00
3.00
1.00
9.00
7.00
3.00
9.00
2.00
3.00
11.00
4.00
6.00
11.00
2.00
7.00
2.00
1.00
2.00
3.00
26.00
3.00
6.00
12.00
2.00
8.00
3.00
42.00
4.00
3.00
6.00
5.00
2.00
4.00
2.00
6.00
4.00
13.00
3.00
2.00
7.00
3.00
2.00
15.00
3.00
3.00
3.00
3.00
2.00
2.00
3.00
5.00
3.00
3.00
4.00
3.00
14.00
14.00
2.00
10.00
23.00
4.00
14.00
9.00
3.00
3.00
6.00
15.00
8.00
3.00
2.00
5.00
7.00
8.00
6.00
4.00
2.00
75.00
9.00
1.00
1.00
3.00
22.00
13.00
13.00
7.00
7.00
5.00
1.00
3.00
6.00
23.00
2.00
3.00
21.00
2.00
11.00
20.00
4.00
2.00
3.00
3.00
14.00
9.00
11.00
2.00
5.00
20.00
7.00
1.00
40.00
4.00
8.00
2.00
3.00
8.00
1.00
1.00
3.00
1.00
6.00
3.00
11.00
2.00
3.00
20.00
1.00
5.00
9.00
27.00
1.00
5.00
1.00
2.00
1.00
2.00
9.00
11.00
4.00
2.00
1.00
2.00
11.00
3.00
6.00
13.00
3.00
2.00
6.00
4.00
3.00
2.00
3.00
7.00
9.00
12.00
1.00
1.00
2.00
2.00
3.00
1.00
9.00
5.00
2.00
1.00
1.00
2.00
6.00
2.00
1.00
1.00
3.00
2.00
3.00
1.00
17.00
2.00
1.00
2.00
6.00
3.00
1.00
7.00
2.00
9.00
5.00
12.00
2.00
2.00
20.00
28.00
2.00
4.00
18.00
1.00
5.00
7.00
2.00
2.00
3.00
11.00
3.00
12.00
5.00
3.00
1.00
10.00
5.00
4.00
5.00
3.00
4.00
2.00
12.00
1.00
2.00
1.00
4.00
2.00
1.00
5.00
10.00
14.00
6.00
5.00
2.00
24.00
18.00
2.00
3.00
1.00
4.00
3.00
1.00
25.00
1.00
3.00
4.00
3.00
12.00
2.00
9.00
16.00
2.00
1.00
8.00
1.00
18.00
37.00
2.00
4.00
9.00
1.00
1.00
5.00
3.00
1.00
3.00
11.00
14.00
4.00
5.00
6.00
57.00
1.00
1.00
1.00
1.00
5.00
3.00
4.00
5.00
1.00
2.00
3.00
1.00
4.00
4.00
4.00
2.00
1.00
13.00
1.00
2.00
1.00
4.00
1.00
15.00
2.00
15.00
5.00
3.00
3.00
4.00
1.00
1.00
1.00
1.00
3.00
2.00
3.00
26.00
1.00
1.00
4.00
2.00
2.00
1.00
4.00
25.00
