11.00
14.00
8.00
10.00
7.00
11.00
13.00
32.00
7.00
21.00
16.00
12.00
6.00
7.00
23.00
17.00
9.00
11.00
9.00
8.00
14.00
9.00
16.00
17.00
27.00
14.00
7.00
11.00
19.00
12.00
13.00
17.00
28.00
6.00
7.00
19.00
5.00
12.00
12.00
42.00
23.00
8.00
16.00
14.00
18.00
12.00
14.00
6.00
17.00
5.00
19.00
18.00
27.00
17.00
11.00
16.00
9.00
14.00
14.00
9.00
15.00
16.00
13.00
26.00
10.00
25.00
11.00
16.00
19.00
18.00
18.00
7.00
17.00
22.00
8.00
10.00
18.00
8.00
30.00
20.00
10.00
10.00
15.00
15.00
15.00
15.00
8.00
6.00
11.00
12.00
18.00
11.00
10.00
29.00
21.00
8.00
13.00
14.00
7.00
18.00
8.00
23.00
31.00
9.00
16.00
13.00
4.00
20.00
10.00
5.00
18.00
17.00
20.00
20.00
17.00
11.00
12.00
15.00
18.00
19.00
7.00
12.00
9.00
36.00
12.00
8.00
25.00
9.00
10.00
8.00
6.00
15.00
11.00
27.00
26.00
13.00
15.00
20.00
12.00
11.00
10.00
6.00
9.00
38.00
17.00
9.00
6.00
15.00
15.00
16.00
17.00
10.00
12.00
20.00
13.00
11.00
21.00
13.00
9.00
20.00
12.00
20.00
6.00
16.00
4.00
21.00
28.00
12.00
13.00
27.00
19.00
7.00
9.00
9.00
16.00
6.00
9.00
23.00
8.00
15.00
26.00
11.00
19.00
11.00
50.00
9.00
7.00
12.00
21.00
10.00
14.00
23.00
14.00
7.00
13.00
16.00
13.00
11.00
16.00
27.00
27.00
8.00
10.00
24.00
19.00
19.00
17.00
21.00
21.00
20.00
24.00
12.00
9.00
9.00
19.00
14.00
18.00
13.00
13.00
11.00
11.00
14.00
13.00
13.00
14.00
15.00
14.00
11.00
16.00
15.00
9.00
12.00
11.00
13.00
8.00
12.00
17.00
30.00
25.00
13.00
18.00
12.00
15.00
14.00
15.00
21.00
17.00
12.00
19.00
11.00
13.00
18.00
17.00
16.00
14.00
21.00
17.00
27.00
21.00
18.00
15.00
14.00
10.00
29.00
10.00
22.00
18.00
13.00
5.00
16.00
11.00
10.00
16.00
22.00
12.00
10.00
9.00
22.00
19.00
9.00
13.00
11.00
9.00
22.00
23.00
16.00
11.00
13.00
11.00
10.00
13.00
11.00
15.00
15.00
13.00
14.00
15.00
14.00
15.00
9.00
14.00
5.00
9.00
9.00
17.00
13.00
18.00
16.00
34.00
18.00
14.00
22.00
19.00
15.00
16.00
10.00
13.00
18.00
13.00
14.00
15.00
13.00
15.00
6.00
11.00
12.00
9.00
5.00
14.00
6.00
11.00
14.00
17.00
11.00
12.00
23.00
9.00
33.00
18.00
15.00
7.00
10.00
19.00
18.00
16.00
21.00
12.00
20.00
11.00
23.00
9.00
17.00
14.00
13.00
10.00
7.00
15.00
16.00
12.00
14.00
26.00
18.00
18.00
11.00
4.00
9.00
16.00
13.00
12.00
13.00
13.00
11.00
14.00
23.00
12.00
16.00
10.00
12.00
16.00
13.00
21.00
10.00
13.00
13.00
5.00
24.00
9.00
26.00
11.00
8.00
11.00
10.00
16.00
16.00
25.00
18.00
12.00
18.00
18.00
12.00
16.00
11.00
15.00
15.00
30.00
12.00
11.00
13.00
10.00
8.00
14.00
9.00
21.00
14.00
9.00
16.00
19.00
21.00
10.00
23.00
10.00
10.00
24.00
15.00
17.00
11.00
6.00
10.00
6.00
9.00
18.00
23.00
21.00
16.00
27.00
17.00
11.00
11.00
8.00
13.00
8.00
13.00
12.00
5.00
14.00
19.00
14.00
13.00
11.00
19.00
12.00
11.00
14.00
13.00
8.00
14.00
14.00
14.00
13.00
21.00
13.00
24.00
16.00
9.00
11.00
5.00
13.00
16.00
20.00
10.00
20.00
11.00
11.00
7.00
11.00
13.00
20.00
10.00
9.00
17.00
12.00
13.00
12.00
14.00
19.00
9.00
14.00
17.00
12.00
15.00
15.00
23.00
19.00
10.00
9.00
11.00
12.00
15.00
29.00
10.00
22.00
8.00
15.00
12.00
5.00
14.00
12.00
13.00
10.00
15.00
14.00
22.00
12.00
12.00
12.00
6.00
15.00
24.00
14.00
28.00
17.00
12.00
11.00
5.00
52.00
12.00
13.00
15.00
6.00
15.00
18.00
17.00
13.00
14.00
18.00
22.00
19.00
8.00
6.00
23.00
8.00
6.00
4.00
13.00
6.00
15.00
22.00
9.00
20.00
8.00
9.00
9.00
10.00
3.00
25.00
17.00
14.00
13.00
12.00
19.00
16.00
8.00
11.00
7.00
4.00
12.00
11.00
16.00
10.00
9.00
7.00
13.00
14.00
10.00
4.00
23.00
8.00
12.00
14.00
9.00
9.00
13.00
5.00
13.00
12.00
22.00
5.00
8.00
4.00
9.00
10.00
12.00
10.00
15.00
56.00
11.00
16.00
15.00
13.00
13.00
9.00
10.00
10.00
16.00
17.00
11.00
12.00
8.00
9.00
9.00
18.00
13.00
14.00
12.00
9.00
2.00
12.00
8.00
13.00
12.00
7.00
7.00
13.00
17.00
12.00
19.00
7.00
12.00
12.00
11.00
3.00
7.00
13.00
9.00
15.00
5.00
26.00
16.00
13.00
17.00
11.00
6.00
13.00
6.00
9.00
7.00
15.00
15.00
13.00
4.00
7.00
16.00
16.00
12.00
13.00
6.00
8.00
14.00
25.00
19.00
23.00
7.00
10.00
6.00
13.00
6.00
17.00
7.00
9.00
11.00
12.00
9.00
18.00
3.00
11.00
7.00
8.00
9.00
13.00
21.00
12.00
26.00
11.00
14.00
11.00
18.00
13.00
10.00
12.00
11.00
26.00
5.00
26.00
16.00
7.00
10.00
10.00
7.00
13.00
17.00
10.00
10.00
6.00
8.00
9.00
6.00
13.00
10.00
8.00
11.00
13.00
20.00
8.00
25.00
11.00
11.00
13.00
9.00
7.00
10.00
10.00
17.00
9.00
7.00
4.00
7.00
7.00
15.00
9.00
14.00
11.00
14.00
2.00
11.00
20.00
10.00
5.00
14.00
7.00
22.00
14.00
14.00
28.00
12.00
14.00
9.00
25.00
10.00
10.00
8.00
13.00
5.00
12.00
7.00
3.00
12.00
10.00
6.00
9.00
27.00
23.00
16.00
11.00
2.00
7.00
19.00
5.00
9.00
4.00
12.00
12.00
17.00
6.00
18.00
8.00
4.00
14.00
14.00
18.00
13.00
5.00
11.00
13.00
13.00
10.00
17.00
3.00
28.00
6.00
44.00
8.00
13.00
8.00
14.00
7.00
10.00
12.00
13.00
6.00
21.00
