13.00
12.00
22.00
17.00
29.00
18.00
14.00
11.00
16.00
29.00
6.00
20.00
23.00
27.00
38.00
12.00
17.00
12.00
9.00
19.00
14.00
21.00
19.00
11.00
20.00
13.00
8.00
13.00
9.00
16.00
25.00
60.00
22.00
17.00
11.00
20.00
14.00
16.00
12.00
29.00
9.00
4.00
16.00
14.00
17.00
12.00
13.00
24.00
8.00
27.00
33.00
15.00
17.00
10.00
13.00
22.00
12.00
16.00
16.00
16.00
51.00
11.00
26.00
20.00
4.00
16.00
15.00
23.00
18.00
25.00
22.00
15.00
10.00
19.00
22.00
20.00
23.00
15.00
17.00
29.00
19.00
19.00
27.00
23.00
21.00
13.00
16.00
15.00
16.00
19.00
26.00
25.00
30.00
17.00
13.00
19.00
11.00
19.00
33.00
14.00
13.00
22.00
16.00
17.00
25.00
21.00
17.00
9.00
22.00
16.00
12.00
39.00
16.00
18.00
23.00
22.00
19.00
11.00
19.00
23.00
16.00
18.00
16.00
18.00
22.00
19.00
12.00
17.00
19.00
25.00
23.00
19.00
14.00
23.00
25.00
8.00
16.00
26.00
21.00
14.00
15.00
21.00
16.00
17.00
11.00
19.00
12.00
18.00
27.00
15.00
28.00
15.00
26.00
18.00
17.00
20.00
29.00
15.00
27.00
13.00
21.00
17.00
27.00
20.00
21.00
10.00
21.00
12.00
31.00
22.00
11.00
25.00
8.00
15.00
17.00
11.00
79.00
10.00
22.00
19.00
27.00
17.00
25.00
15.00
19.00
26.00
18.00
19.00
17.00
17.00
37.00
21.00
9.00
19.00
29.00
12.00
11.00
24.00
13.00
20.00
17.00
18.00
23.00
17.00
16.00
17.00
16.00
11.00
22.00
29.00
21.00
18.00
18.00
19.00
8.00
14.00
20.00
24.00
13.00
13.00
11.00
31.00
20.00
24.00
18.00
26.00
14.00
27.00
20.00
13.00
17.00
32.00
13.00
15.00
20.00
15.00
12.00
23.00
11.00
17.00
8.00
14.00
21.00
17.00
14.00
20.00
12.00
7.00
10.00
13.00
21.00
17.00
15.00
14.00
21.00
17.00
22.00
22.00
21.00
17.00
21.00
20.00
11.00
19.00
17.00
18.00
19.00
10.00
24.00
21.00
29.00
19.00
19.00
19.00
19.00
16.00
28.00
22.00
3.00
23.00
15.00
32.00
11.00
22.00
20.00
11.00
16.00
35.00
35.00
12.00
18.00
20.00
26.00
10.00
19.00
22.00
25.00
14.00
13.00
16.00
14.00
9.00
10.00
7.00
23.00
21.00
15.00
24.00
23.00
23.00
24.00
26.00
12.00
26.00
11.00
24.00
18.00
10.00
19.00
17.00
15.00
24.00
14.00
19.00
17.00
25.00
20.00
11.00
24.00
16.00
19.00
22.00
23.00
14.00
6.00
23.00
7.00
12.00
19.00
22.00
24.00
29.00
29.00
8.00
22.00
9.00
14.00
21.00
11.00
18.00
10.00
12.00
13.00
24.00
13.00
15.00
14.00
16.00
16.00
18.00
20.00
10.00
15.00
14.00
25.00
15.00
12.00
20.00
9.00
25.00
8.00
16.00
13.00
18.00
16.00
15.00
22.00
19.00
14.00
21.00
19.00
20.00
6.00
18.00
25.00
19.00
20.00
15.00
16.00
18.00
23.00
15.00
27.00
23.00
26.00
9.00
10.00
19.00
15.00
16.00
23.00
17.00
12.00
20.00
42.00
14.00
16.00
15.00
9.00
22.00
19.00
10.00
17.00
9.00
14.00
13.00
12.00
17.00
14.00
15.00
16.00
18.00
19.00
15.00
16.00
15.00
26.00
12.00
19.00
19.00
11.00
19.00
20.00
18.00
15.00
15.00
15.00
15.00
18.00
45.00
11.00
14.00
23.00
15.00
16.00
13.00
16.00
16.00
34.00
25.00
12.00
8.00
18.00
24.00
12.00
24.00
9.00
10.00
3.00
16.00
11.00
14.00
17.00
17.00
22.00
23.00
16.00
12.00
20.00
21.00
17.00
17.00
13.00
24.00
12.00
6.00
14.00
20.00
18.00
12.00
9.00
12.00
13.00
26.00
27.00
13.00
13.00
17.00
8.00
19.00
16.00
15.00
17.00
16.00
10.00
16.00
20.00
35.00
25.00
22.00
16.00
21.00
19.00
13.00
19.00
13.00
19.00
4.00
9.00
18.00
17.00
17.00
27.00
37.00
23.00
15.00
12.00
15.00
16.00
21.00
17.00
22.00
12.00
21.00
21.00
14.00
17.00
19.00
18.00
24.00
20.00
24.00
22.00
21.00
15.00
16.00
13.00
12.00
11.00
16.00
8.00
20.00
25.00
12.00
15.00
13.00
21.00
18.00
6.00
11.00
16.00
20.00
12.00
15.00
27.00
19.00
11.00
23.00
18.00
19.00
18.00
19.00
28.00
18.00
29.00
15.00
21.00
20.00
12.00
25.00
24.00
15.00
14.00
11.00
17.00
19.00
11.00
13.00
16.00
11.00
16.00
19.00
11.00
25.00
10.00
21.00
16.00
17.00
10.00
19.00
14.00
15.00
22.00
10.00
27.00
7.00
24.00
8.00
11.00
12.00
25.00
15.00
12.00
27.00
18.00
15.00
13.00
12.00
28.00
15.00
15.00
14.00
26.00
20.00
20.00
4.00
19.00
27.00
19.00
9.00
23.00
8.00
17.00
9.00
21.00
21.00
10.00
13.00
18.00
20.00
24.00
21.00
13.00
22.00
14.00
11.00
13.00
19.00
16.00
15.00
21.00
23.00
22.00
21.00
14.00
11.00
15.00
20.00
23.00
20.00
11.00
12.00
19.00
13.00
16.00
25.00
14.00
11.00
11.00
23.00
17.00
22.00
16.00
14.00
17.00
7.00
3.00
16.00
45.00
10.00
15.00
19.00
9.00
17.00
12.00
11.00
12.00
17.00
11.00
19.00
18.00
16.00
23.00
15.00
10.00
17.00
26.00
8.00
19.00
20.00
8.00
30.00
20.00
15.00
17.00
16.00
8.00
20.00
12.00
12.00
18.00
15.00
21.00
11.00
11.00
17.00
14.00
20.00
17.00
9.00
21.00
20.00
17.00
13.00
20.00
18.00
16.00
16.00
24.00
10.00
21.00
17.00
21.00
15.00
5.00
24.00
22.00
15.00
17.00
14.00
13.00
12.00
25.00
30.00
20.00
14.00
13.00
12.00
20.00
12.00
14.00
12.00
13.00
21.00
22.00
16.00
20.00
20.00
15.00
12.00
22.00
16.00
24.00
17.00
20.00
28.00
19.00
11.00
14.00
35.00
14.00
16.00
11.00
16.00
17.00
8.00
32.00
12.00
25.00
11.00
8.00
13.00
10.00
15.00
16.00
10.00
17.00
21.00
19.00
16.00
19.00
20.00
14.00
16.00
11.00
12.00
11.00
22.00
13.00
17.00
10.00
30.00
11.00
29.00
26.00
19.00
16.00
18.00
18.00
10.00
