1.00
45.00
12.00
32.00
35.00
3.00
7.00
3.00
6.00
20.00
43.00
10.00
4.00
3.00
7.00
2.00
4.00
6.00
2.00
5.00
43.00
3.00
3.00
4.00
1.00
2.00
36.00
24.00
3.00
6.00
2.00
3.00
5.00
99.00
10.00
10.00
9.00
3.00
5.00
5.00
31.00
2.00
2.00
6.00
12.00
3.00
30.00
9.00
10.00
8.00
4.00
2.00
6.00
9.00
3.00
9.00
8.00
2.00
4.00
10.00
22.00
5.00
5.00
3.00
23.00
17.00
3.00
6.00
3.00
12.00
2.00
1.00
13.00
12.00
3.00
4.00
1.00
4.00
12.00
2.00
4.00
19.00
3.00
1.00
3.00
8.00
7.00
2.00
12.00
2.00
4.00
14.00
3.00
2.00
5.00
6.00
11.00
35.00
5.00
4.00
2.00
4.00
6.00
3.00
10.00
16.00
8.00
9.00
8.00
3.00
19.00
1.00
5.00
13.00
2.00
2.00
7.00
9.00
5.00
12.00
2.00
57.00
6.00
7.00
3.00
4.00
12.00
1.00
3.00
12.00
5.00
17.00
2.00
4.00
2.00
1.00
7.00
17.00
19.00
3.00
1.00
15.00
4.00
2.00
6.00
9.00
2.00
5.00
3.00
3.00
4.00
3.00
4.00
3.00
12.00
1.00
2.00
5.00
17.00
3.00
1.00
9.00
5.00
6.00
9.00
2.00
4.00
15.00
4.00
6.00
3.00
2.00
4.00
8.00
19.00
35.00
4.00
5.00
4.00
15.00
30.00
8.00
25.00
1.00
9.00
5.00
12.00
5.00
7.00
1.00
2.00
2.00
5.00
1.00
5.00
4.00
2.00
2.00
68.00
5.00
6.00
5.00
4.00
3.00
7.00
2.00
3.00
4.00
5.00
3.00
2.00
4.00
3.00
14.00
12.00
3.00
2.00
2.00
1.00
5.00
3.00
7.00
10.00
3.00
8.00
5.00
8.00
6.00
3.00
2.00
5.00
3.00
6.00
5.00
4.00
5.00
4.00
3.00
7.00
2.00
4.00
2.00
3.00
23.00
4.00
4.00
2.00
4.00
7.00
5.00
4.00
6.00
6.00
14.00
6.00
3.00
5.00
7.00
2.00
6.00
6.00
5.00
2.00
15.00
4.00
3.00
2.00
21.00
5.00
4.00
4.00
4.00
4.00
2.00
5.00
4.00
1.00
3.00
6.00
8.00
2.00
3.00
3.00
3.00
3.00
2.00
7.00
1.00
3.00
38.00
2.00
3.00
6.00
1.00
5.00
3.00
3.00
5.00
13.00
2.00
2.00
2.00
45.00
3.00
2.00
2.00
2.00
2.00
6.00
8.00
2.00
2.00
2.00
3.00
1.00
3.00
4.00
4.00
4.00
5.00
1.00
3.00
3.00
7.00
3.00
6.00
6.00
11.00
3.00
1.00
4.00
6.00
4.00
13.00
2.00
3.00
3.00
4.00
5.00
4.00
5.00
12.00
2.00
3.00
12.00
2.00
2.00
3.00
4.00
17.00
5.00
11.00
8.00
4.00
8.00
5.00
1.00
4.00
4.00
3.00
2.00
2.00
4.00
11.00
3.00
4.00
3.00
5.00
3.00
3.00
9.00
2.00
9.00
5.00
2.00
2.00
4.00
7.00
2.00
3.00
4.00
5.00
9.00
20.00
2.00
3.00
9.00
3.00
3.00
2.00
3.00
1.00
5.00
4.00
10.00
3.00
3.00
3.00
4.00
10.00
3.00
8.00
4.00
4.00
2.00
10.00
7.00
3.00
6.00
1.00
3.00
4.00
5.00
4.00
3.00
5.00
2.00
5.00
1.00
2.00
6.00
4.00
5.00
2.00
1.00
1.00
8.00
8.00
11.00
1.00
4.00
8.00
4.00
5.00
1.00
34.00
2.00
4.00
1.00
4.00
4.00
2.00
6.00
2.00
5.00
3.00
1.00
2.00
2.00
3.00
5.00
4.00
1.00
3.00
2.00
2.00
3.00
9.00
3.00
3.00
7.00
4.00
4.00
3.00
7.00
1.00
2.00
36.00
3.00
2.00
2.00
11.00
7.00
2.00
4.00
1.00
1.00
25.00
2.00
1.00
2.00
13.00
4.00
1.00
1.00
4.00
4.00
3.00
3.00
39.00
3.00
1.00
2.00
11.00
1.00
4.00
4.00
2.00
3.00
5.00
5.00
3.00
2.00
4.00
4.00
3.00
3.00
1.00
2.00
2.00
5.00
8.00
3.00
2.00
2.00
1.00
1.00
2.00
2.00
1.00
4.00
3.00
1.00
3.00
7.00
4.00
2.00
2.00
4.00
2.00
1.00
9.00
3.00
3.00
1.00
1.00
4.00
1.00
10.00
3.00
6.00
1.00
2.00
2.00
12.00
4.00
2.00
2.00
11.00
3.00
1.00
4.00
14.00
5.00
6.00
1.00
4.00
1.00
1.00
1.00
2.00
2.00
1.00
3.00
8.00
1.00
2.00
5.00
1.00
1.00
1.00
3.00
2.00
3.00
3.00
3.00
3.00
2.00
1.00
1.00
4.00
4.00
2.00
2.00
1.00
12.00
2.00
1.00
1.00
2.00
6.00
1.00
1.00
7.00
1.00
1.00
2.00
1.00
2.00
3.00
2.00
5.00
3.00
2.00
6.00
3.00
2.00
7.00
1.00
2.00
4.00
9.00
1.00
5.00
9.00
1.00
1.00
3.00
10.00
1.00
1.00
1.00
3.00
1.00
1.00
2.00
2.00
4.00
1.00
1.00
1.00
1.00
2.00
1.00
5.00
4.00
5.00
2.00
2.00
1.00
1.00
2.00
3.00
2.00
1.00
1.00
3.00
1.00
2.00
7.00
1.00
2.00
2.00
1.00
1.00
2.00
3.00
1.00
2.00
1.00
3.00
1.00
1.00
1.00
1.00
2.00
4.00
1.00
1.00
1.00
33.00
1.00
1.00
1.00
3.00
2.00
2.00
4.00
2.00
3.00
1.00
1.00
1.00
1.00
1.00
1.00
1.00
2.00
2.00
5.00
4.00
5.00
2.00
2.00
1.00
4.00
1.00
1.00
2.00
2.00
1.00
3.00
34.00
4.00
1.00
1.00
6.00
1.00
3.00
37.00
1.00
1.00
1.00
1.00
1.00
1.00
4.00
5.00
4.00
2.00
1.00
1.00
11.00
25.00
1.00
1.00
2.00
8.00
1.00
2.00
1.00
12.00
2.00
1.00
2.00
4.00
2.00
7.00
2.00
3.00
1.00
1.00
2.00
1.00
4.00
1.00
1.00
1.00
2.00
3.00
5.00
2.00
1.00
3.00
1.00
2.00
1.00
1.00
1.00
2.00
16.00
2.00
4.00
4.00
1.00
1.00
4.00
1.00
2.00
2.00
1.00
1.00
3.00
1.00
1.00
2.00
12.00
2.00
3.00
3.00
1.00
3.00
2.00
3.00
1.00
1.00
1.00
3.00
1.00
1.00
2.00
2.00
1.00
4.00
2.00
1.00
4.00
1.00
1.00
1.00
