14.00
24.00
8.00
21.00
22.00
23.00
18.00
22.00
14.00
9.00
39.00
14.00
19.00
30.00
16.00
25.00
37.00
27.00
22.00
25.00
15.00
22.00
17.00
24.00
16.00
21.00
15.00
19.00
18.00
26.00
13.00
22.00
13.00
20.00
25.00
20.00
15.00
24.00
18.00
19.00
20.00
25.00
17.00
18.00
17.00
25.00
18.00
26.00
22.00
22.00
25.00
29.00
17.00
10.00
15.00
10.00
19.00
22.00
21.00
14.00
11.00
28.00
13.00
29.00
27.00
25.00
8.00
42.00
16.00
22.00
34.00
34.00
23.00
19.00
18.00
22.00
26.00
19.00
18.00
21.00
31.00
27.00
21.00
18.00
18.00
25.00
6.00
29.00
16.00
18.00
17.00
15.00
24.00
14.00
26.00
34.00
19.00
22.00
21.00
11.00
19.00
22.00
17.00
42.00
19.00
20.00
6.00
28.00
12.00
16.00
14.00
21.00
18.00
18.00
12.00
21.00
20.00
30.00
7.00
8.00
11.00
18.00
27.00
24.00
20.00
15.00
24.00
30.00
15.00
13.00
12.00
16.00
15.00
27.00
25.00
11.00
21.00
17.00
16.00
12.00
31.00
13.00
25.00
23.00
19.00
28.00
15.00
21.00
11.00
18.00
16.00
15.00
29.00
28.00
13.00
21.00
15.00
24.00
23.00
17.00
24.00
6.00
30.00
18.00
20.00
24.00
18.00
22.00
30.00
22.00
22.00
20.00
32.00
51.00
17.00
21.00
21.00
26.00
18.00
19.00
13.00
11.00
32.00
11.00
19.00
21.00
28.00
27.00
9.00
23.00
17.00
19.00
19.00
21.00
24.00
24.00
17.00
16.00
11.00
18.00
5.00
23.00
26.00
25.00
18.00
21.00
14.00
18.00
14.00
30.00
17.00
25.00
33.00
32.00
24.00
24.00
15.00
26.00
20.00
24.00
19.00
31.00
25.00
20.00
12.00
18.00
15.00
20.00
15.00
14.00
28.00
19.00
28.00
24.00
17.00
20.00
28.00
24.00
23.00
18.00
16.00
29.00
25.00
18.00
24.00
17.00
26.00
18.00
18.00
27.00
18.00
15.00
13.00
8.00
25.00
27.00
17.00
17.00
21.00
28.00
12.00
15.00
16.00
30.00
20.00
21.00
20.00
33.00
15.00
14.00
23.00
28.00
20.00
11.00
5.00
22.00
16.00
13.00
19.00
21.00
17.00
23.00
17.00
18.00
15.00
19.00
21.00
15.00
26.00
7.00
18.00
20.00
30.00
14.00
23.00
23.00
16.00
29.00
12.00
25.00
14.00
13.00
22.00
13.00
21.00
20.00
22.00
14.00
20.00
26.00
14.00
16.00
19.00
23.00
18.00
26.00
23.00
22.00
22.00
18.00
19.00
14.00
19.00
16.00
27.00
16.00
26.00
24.00
18.00
23.00
12.00
7.00
14.00
20.00
22.00
25.00
20.00
10.00
17.00
26.00
26.00
18.00
15.00
21.00
19.00
18.00
24.00
13.00
12.00
15.00
27.00
17.00
25.00
11.00
33.00
22.00
18.00
24.00
15.00
25.00
18.00
16.00
28.00
14.00
18.00
20.00
19.00
7.00
33.00
19.00
15.00
15.00
26.00
24.00
24.00
18.00
9.00
8.00
16.00
5.00
24.00
13.00
20.00
15.00
17.00
7.00
18.00
12.00
25.00
31.00
18.00
21.00
20.00
24.00
20.00
13.00
33.00
14.00
16.00
19.00
19.00
15.00
17.00
15.00
20.00
20.00
20.00
27.00
4.00
14.00
18.00
13.00
20.00
33.00
13.00
29.00
7.00
16.00
15.00
27.00
21.00
19.00
14.00
34.00
18.00
14.00
25.00
17.00
17.00
23.00
21.00
23.00
11.00
19.00
14.00
13.00
23.00
18.00
22.00
14.00
15.00
10.00
13.00
19.00
21.00
9.00
18.00
12.00
19.00
19.00
34.00
30.00
17.00
29.00
21.00
20.00
23.00
18.00
23.00
21.00
24.00
24.00
20.00
14.00
29.00
15.00
36.00
15.00
25.00
16.00
15.00
9.00
9.00
8.00
19.00
20.00
20.00
27.00
14.00
22.00
16.00
12.00
26.00
19.00
8.00
14.00
16.00
18.00
18.00
18.00
19.00
28.00
20.00
29.00
15.00
22.00
35.00
23.00
21.00
19.00
15.00
18.00
17.00
19.00
5.00
14.00
20.00
16.00
14.00
12.00
14.00
17.00
8.00
23.00
26.00
19.00
25.00
18.00
15.00
25.00
23.00
25.00
15.00
18.00
27.00
22.00
23.00
22.00
24.00
18.00
13.00
21.00
13.00
15.00
16.00
13.00
25.00
24.00
8.00
15.00
17.00
10.00
23.00
15.00
19.00
19.00
14.00
17.00
28.00
17.00
12.00
22.00
12.00
14.00
21.00
13.00
29.00
13.00
15.00
8.00
20.00
26.00
14.00
7.00
14.00
13.00
34.00
24.00
15.00
8.00
26.00
16.00
15.00
25.00
22.00
22.00
22.00
18.00
23.00
22.00
15.00
27.00
12.00
31.00
17.00
25.00
20.00
13.00
25.00
29.00
12.00
22.00
12.00
11.00
11.00
20.00
19.00
10.00
24.00
14.00
16.00
14.00
31.00
23.00
16.00
23.00
22.00
20.00
18.00
12.00
12.00
22.00
25.00
23.00
15.00
19.00
15.00
15.00
18.00
24.00
25.00
18.00
8.00
10.00
20.00
19.00
23.00
15.00
23.00
21.00
24.00
31.00
10.00
17.00
32.00
14.00
16.00
16.00
16.00
12.00
23.00
15.00
15.00
29.00
9.00
13.00
27.00
16.00
22.00
21.00
12.00
21.00
22.00
12.00
22.00
13.00
18.00
10.00
22.00
15.00
33.00
19.00
23.00
15.00
17.00
20.00
13.00
9.00
18.00
20.00
23.00
18.00
26.00
19.00
10.00
20.00
19.00
18.00
13.00
13.00
22.00
22.00
25.00
10.00
16.00
30.00
8.00
28.00
19.00
18.00
16.00
16.00
8.00
16.00
16.00
11.00
17.00
11.00
14.00
27.00
19.00
19.00
16.00
23.00
9.00
14.00
16.00
24.00
22.00
9.00
24.00
12.00
12.00
18.00
18.00
18.00
15.00
10.00
13.00
19.00
21.00
21.00
26.00
5.00
17.00
18.00
24.00
30.00
12.00
28.00
19.00
21.00
25.00
31.00
20.00
19.00
23.00
13.00
9.00
11.00
38.00
15.00
36.00
17.00
23.00
5.00
33.00
11.00
22.00
24.00
11.00
15.00
10.00
19.00
17.00
11.00
15.00
18.00
19.00
22.00
17.00
19.00
16.00
3.00
17.00
17.00
15.00
13.00
23.00
11.00
13.00
15.00
19.00
13.00
26.00
12.00
21.00
14.00
10.00
17.00
13.00
20.00
19.00
7.00
21.00
33.00
12.00
20.00
18.00
17.00
13.00
4.00
8.00
16.00
13.00
18.00
37.00
24.00
17.00
21.00
