4.00
4.00
2.00
18.00
11.00
18.00
46.00
6.00
4.00
2.00
2.00
13.00
4.00
11.00
7.00
55.00
8.00
23.00
2.00
10.00
6.00
9.00
7.00
12.00
12.00
11.00
4.00
7.00
4.00
2.00
8.00
3.00
2.00
1.00
8.00
5.00
6.00
3.00
10.00
3.00
13.00
3.00
14.00
4.00
11.00
4.00
12.00
6.00
4.00
19.00
6.00
1.00
2.00
6.00
5.00
9.00
63.00
5.00
15.00
42.00
16.00
8.00
5.00
10.00
4.00
4.00
10.00
2.00
26.00
7.00
7.00
47.00
6.00
1.00
8.00
6.00
1.00
8.00
6.00
7.00
16.00
9.00
4.00
5.00
9.00
2.00
4.00
4.00
2.00
3.00
4.00
9.00
21.00
8.00
9.00
6.00
4.00
5.00
5.00
6.00
1.00
4.00
1.00
7.00
7.00
4.00
17.00
11.00
29.00
5.00
12.00
2.00
7.00
32.00
6.00
8.00
6.00
51.00
7.00
2.00
7.00
4.00
2.00
4.00
3.00
19.00
5.00
15.00
11.00
3.00
14.00
3.00
1.00
9.00
9.00
4.00
11.00
7.00
16.00
8.00
3.00
15.00
9.00
3.00
17.00
5.00
4.00
5.00
15.00
4.00
5.00
6.00
4.00
2.00
7.00
4.00
6.00
5.00
4.00
2.00
4.00
5.00
3.00
12.00
19.00
6.00
18.00
8.00
4.00
6.00
4.00
2.00
4.00
13.00
6.00
4.00
9.00
5.00
3.00
4.00
8.00
3.00
3.00
11.00
3.00
10.00
6.00
6.00
8.00
8.00
1.00
21.00
6.00
4.00
20.00
3.00
4.00
3.00
4.00
7.00
14.00
12.00
24.00
3.00
1.00
1.00
3.00
4.00
5.00
4.00
9.00
4.00
7.00
4.00
3.00
31.00
8.00
19.00
1.00
7.00
4.00
13.00
3.00
4.00
2.00
2.00
20.00
4.00
14.00
7.00
1.00
1.00
7.00
10.00
4.00
4.00
25.00
3.00
3.00
6.00
7.00
7.00
5.00
4.00
5.00
1.00
4.00
3.00
2.00
3.00
24.00
8.00
3.00
6.00
3.00
10.00
2.00
3.00
14.00
7.00
23.00
2.00
4.00
16.00
9.00
4.00
9.00
3.00
3.00
8.00
8.00
30.00
9.00
2.00
7.00
5.00
3.00
18.00
5.00
7.00
7.00
8.00
2.00
9.00
11.00
21.00
4.00
3.00
4.00
3.00
6.00
4.00
5.00
25.00
11.00
5.00
9.00
8.00
9.00
2.00
1.00
4.00
6.00
3.00
6.00
8.00
1.00
8.00
14.00
2.00
4.00
1.00
5.00
3.00
4.00
3.00
6.00
2.00
4.00
5.00
5.00
4.00
7.00
10.00
5.00
4.00
5.00
7.00
5.00
6.00
7.00
9.00
54.00
4.00
4.00
6.00
5.00
6.00
5.00
3.00
3.00
4.00
16.00
4.00
8.00
2.00
4.00
3.00
3.00
35.00
7.00
1.00
19.00
3.00
9.00
4.00
4.00
4.00
4.00
3.00
2.00
9.00
5.00
14.00
5.00
2.00
9.00
4.00
23.00
15.00
5.00
2.00
8.00
3.00
4.00
6.00
3.00
20.00
4.00
14.00
6.00
7.00
4.00
6.00
3.00
5.00
4.00
5.00
5.00
4.00
2.00
10.00
5.00
4.00
1.00
1.00
5.00
2.00
7.00
3.00
5.00
1.00
7.00
4.00
16.00
1.00
3.00
5.00
3.00
5.00
3.00
4.00
2.00
2.00
6.00
5.00
6.00
6.00
4.00
5.00
3.00
9.00
5.00
5.00
1.00
5.00
14.00
1.00
8.00
4.00
10.00
4.00
2.00
8.00
7.00
5.00
31.00
2.00
3.00
7.00
16.00
4.00
6.00
2.00
8.00
6.00
1.00
9.00
6.00
3.00
6.00
3.00
42.00
7.00
6.00
6.00
13.00
11.00
5.00
2.00
5.00
11.00
1.00
2.00
10.00
4.00
6.00
3.00
1.00
8.00
5.00
5.00
3.00
6.00
1.00
15.00
2.00
22.00
5.00
18.00
7.00
10.00
2.00
4.00
3.00
6.00
3.00
5.00
4.00
6.00
4.00
4.00
2.00
3.00
4.00
10.00
2.00
6.00
6.00
1.00
2.00
37.00
7.00
3.00
3.00
7.00
6.00
4.00
2.00
10.00
5.00
1.00
2.00
3.00
18.00
6.00
4.00
4.00
3.00
3.00
3.00
3.00
4.00
2.00
4.00
4.00
35.00
3.00
4.00
2.00
15.00
2.00
1.00
5.00
8.00
4.00
3.00
2.00
2.00
4.00
3.00
2.00
3.00
4.00
8.00
6.00
1.00
9.00
3.00
3.00
37.00
4.00
4.00
2.00
8.00
3.00
3.00
1.00
13.00
1.00
28.00
5.00
9.00
16.00
3.00
13.00
3.00
9.00
3.00
4.00
2.00
4.00
4.00
5.00
2.00
1.00
3.00
5.00
2.00
6.00
2.00
3.00
2.00
3.00
6.00
1.00
1.00
10.00
3.00
2.00
6.00
17.00
9.00
3.00
1.00
4.00
3.00
4.00
3.00
4.00
49.00
2.00
1.00
5.00
2.00
4.00
3.00
2.00
2.00
2.00
4.00
2.00
2.00
4.00
3.00
1.00
3.00
5.00
2.00
5.00
7.00
4.00
4.00
1.00
4.00
2.00
5.00
1.00
4.00
6.00
14.00
2.00
3.00
3.00
1.00
3.00
3.00
3.00
4.00
12.00
3.00
1.00
2.00
3.00
2.00
1.00
1.00
1.00
1.00
8.00
6.00
2.00
2.00
5.00
3.00
6.00
1.00
2.00
9.00
4.00
4.00
2.00
2.00
3.00
4.00
2.00
4.00
4.00
1.00
3.00
1.00
1.00
3.00
4.00
1.00
4.00
4.00
2.00
4.00
3.00
3.00
4.00
3.00
4.00
2.00
3.00
3.00
1.00
3.00
1.00
1.00
3.00
7.00
4.00
4.00
3.00
4.00
2.00
1.00
3.00
2.00
7.00
1.00
1.00
1.00
6.00
4.00
1.00
1.00
4.00
3.00
3.00
1.00
3.00
2.00
2.00
6.00
1.00
5.00
5.00
2.00
1.00
5.00
13.00
2.00
2.00
1.00
5.00
2.00
3.00
8.00
6.00
2.00
1.00
1.00
3.00
5.00
5.00
1.00
2.00
3.00
4.00
1.00
2.00
6.00
1.00
1.00
3.00
4.00
1.00
4.00
4.00
4.00
2.00
1.00
2.00
3.00
4.00
4.00
1.00
6.00
4.00
5.00
2.00
1.00
3.00
9.00
2.00
6.00
10.00
10.00
4.00
4.00
2.00
2.00
4.00
3.00
2.00
4.00
2.00
3.00
4.00
1.00
7.00
5.00
7.00
41.00
4.00
2.00
4.00
6.00
3.00
2.00
3.00
2.00
4.00
3.00
1.00
1.00
2.00
