9.00
10.00
33.00
33.00
25.00
14.00
44.00
19.00
16.00
10.00
8.00
14.00
14.00
22.00
15.00
25.00
16.00
14.00
11.00
21.00
16.00
16.00
17.00
6.00
23.00
12.00
12.00
23.00
14.00
9.00
18.00
14.00
25.00
19.00
20.00
19.00
27.00
10.00
21.00
32.00
15.00
18.00
17.00
29.00
16.00
29.00
18.00
22.00
15.00
13.00
28.00
18.00
14.00
18.00
17.00
25.00
19.00
16.00
19.00
22.00
15.00
19.00
21.00
10.00
19.00
10.00
9.00
22.00
22.00
22.00
11.00
13.00
9.00
23.00
17.00
8.00
18.00
27.00
12.00
13.00
24.00
33.00
12.00
14.00
16.00
11.00
21.00
9.00
12.00
14.00
13.00
15.00
27.00
38.00
20.00
15.00
15.00
16.00
15.00
18.00
15.00
21.00
27.00
24.00
14.00
28.00
26.00
20.00
22.00
23.00
19.00
21.00
16.00
24.00
23.00
9.00
14.00
20.00
28.00
13.00
20.00
17.00
15.00
20.00
29.00
17.00
13.00
8.00
19.00
15.00
23.00
18.00
14.00
14.00
19.00
27.00
17.00
23.00
12.00
21.00
13.00
17.00
14.00
14.00
16.00
31.00
18.00
22.00
21.00
23.00
14.00
32.00
10.00
15.00
17.00
22.00
18.00
23.00
24.00
24.00
27.00
26.00
24.00
16.00
32.00
24.00
12.00
26.00
23.00
33.00
11.00
24.00
30.00
14.00
17.00
13.00
15.00
14.00
15.00
19.00
15.00
23.00
10.00
20.00
12.00
17.00
14.00
26.00
15.00
17.00
15.00
10.00
12.00
10.00
17.00
23.00
11.00
19.00
14.00
16.00
16.00
19.00
17.00
10.00
21.00
19.00
21.00
10.00
20.00
15.00
13.00
23.00
17.00
23.00
24.00
17.00
17.00
27.00
14.00
16.00
23.00
14.00
15.00
21.00
22.00
23.00
11.00
21.00
18.00
23.00
17.00
25.00
7.00
16.00
19.00
14.00
27.00
11.00
20.00
19.00
11.00
22.00
20.00
19.00
13.00
15.00
14.00
16.00
20.00
10.00
20.00
25.00
24.00
14.00
23.00
19.00
20.00
24.00
13.00
17.00
16.00
16.00
14.00
15.00
17.00
14.00
18.00
26.00
16.00
10.00
19.00
19.00
18.00
22.00
23.00
11.00
17.00
11.00
18.00
13.00
6.00
20.00
11.00
19.00
12.00
12.00
21.00
17.00
22.00
19.00
13.00
15.00
12.00
14.00
24.00
22.00
10.00
29.00
11.00
24.00
24.00
18.00
16.00
20.00
24.00
20.00
16.00
15.00
19.00
24.00
4.00
41.00
25.00
18.00
20.00
14.00
12.00
24.00
14.00
13.00
22.00
19.00
21.00
28.00
16.00
8.00
13.00
24.00
15.00
11.00
15.00
12.00
14.00
22.00
21.00
24.00
20.00
21.00
21.00
12.00
15.00
17.00
17.00
7.00
17.00
17.00
18.00
15.00
21.00
15.00
17.00
24.00
13.00
16.00
15.00
12.00
17.00
19.00
28.00
30.00
23.00
18.00
26.00
19.00
23.00
20.00
19.00
17.00
12.00
14.00
16.00
16.00
22.00
27.00
17.00
14.00
18.00
16.00
15.00
21.00
14.00
26.00
11.00
7.00
18.00
20.00
16.00
23.00
15.00
20.00
15.00
15.00
18.00
17.00
17.00
24.00
23.00
31.00
15.00
15.00
12.00
19.00
15.00
10.00
16.00
19.00
15.00
21.00
32.00
19.00
13.00
16.00
15.00
21.00
22.00
14.00
23.00
22.00
17.00
34.00
22.00
12.00
21.00
15.00
15.00
11.00
10.00
25.00
21.00
12.00
21.00
32.00
12.00
14.00
24.00
13.00
21.00
21.00
19.00
7.00
16.00
22.00
10.00
30.00
14.00
29.00
22.00
14.00
15.00
9.00
20.00
16.00
18.00
14.00
15.00
15.00
24.00
25.00
22.00
20.00
22.00
9.00
22.00
20.00
30.00
11.00
22.00
41.00
11.00
16.00
20.00
12.00
14.00
23.00
17.00
15.00
34.00
12.00
16.00
12.00
18.00
28.00
13.00
15.00
9.00
13.00
12.00
15.00
15.00
15.00
19.00
16.00
20.00
16.00
15.00
12.00
22.00
14.00
18.00
15.00
22.00
22.00
36.00
16.00
25.00
26.00
18.00
26.00
10.00
42.00
16.00
18.00
22.00
15.00
16.00
17.00
17.00
15.00
11.00
12.00
12.00
31.00
23.00
16.00
16.00
17.00
17.00
14.00
13.00
22.00
24.00
16.00
16.00
30.00
13.00
25.00
13.00
13.00
11.00
13.00
16.00
20.00
13.00
10.00
23.00
6.00
13.00
14.00
6.00
14.00
19.00
13.00
13.00
15.00
21.00
14.00
32.00
9.00
17.00
12.00
19.00
16.00
9.00
18.00
13.00
23.00
19.00
23.00
9.00
17.00
19.00
17.00
12.00
18.00
30.00
18.00
6.00
21.00
13.00
33.00
10.00
20.00
7.00
16.00
25.00
12.00
16.00
21.00
14.00
17.00
22.00
9.00
14.00
22.00
23.00
11.00
18.00
10.00
10.00
12.00
14.00
15.00
17.00
22.00
14.00
16.00
12.00
16.00
15.00
22.00
5.00
14.00
16.00
12.00
30.00
25.00
16.00
16.00
10.00
17.00
22.00
15.00
11.00
11.00
23.00
12.00
17.00
15.00
17.00
20.00
16.00
26.00
15.00
11.00
12.00
13.00
16.00
17.00
18.00
17.00
29.00
13.00
30.00
4.00
10.00
10.00
14.00
23.00
18.00
9.00
8.00
14.00
21.00
16.00
22.00
16.00
19.00
18.00
25.00
16.00
14.00
16.00
19.00
16.00
17.00
29.00
12.00
11.00
12.00
20.00
15.00
19.00
21.00
14.00
25.00
11.00
8.00
13.00
25.00
31.00
15.00
16.00
17.00
16.00
13.00
15.00
13.00
12.00
16.00
25.00
11.00
17.00
8.00
19.00
12.00
15.00
20.00
15.00
17.00
8.00
11.00
8.00
17.00
15.00
13.00
33.00
19.00
21.00
19.00
10.00
15.00
16.00
18.00
17.00
30.00
21.00
20.00
18.00
27.00
10.00
10.00
15.00
12.00
12.00
14.00
14.00
11.00
9.00
22.00
9.00
10.00
15.00
4.00
23.00
19.00
16.00
25.00
17.00
13.00
20.00
16.00
16.00
20.00
15.00
14.00
16.00
26.00
18.00
14.00
4.00
9.00
13.00
15.00
17.00
18.00
9.00
16.00
9.00
19.00
14.00
14.00
19.00
18.00
13.00
13.00
13.00
19.00
9.00
16.00
10.00
9.00
15.00
26.00
18.00
9.00
16.00
9.00
33.00
16.00
11.00
9.00
13.00
14.00
12.00
15.00
18.00
21.00
14.00
13.00
21.00
16.00
16.00
20.00
11.00
15.00
16.00
17.00
13.00
19.00
12.00
