4.00
25.00
10.00
20.00
19.00
30.00
26.00
22.00
27.00
27.00
14.00
28.00
32.00
14.00
17.00
30.00
31.00
29.00
16.00
24.00
17.00
21.00
17.00
43.00
24.00
23.00
19.00
15.00
19.00
25.00
24.00
17.00
20.00
17.00
20.00
15.00
34.00
33.00
31.00
33.00
24.00
18.00
18.00
21.00
29.00
22.00
34.00
19.00
27.00
28.00
25.00
18.00
26.00
38.00
21.00
24.00
23.00
42.00
28.00
21.00
18.00
27.00
18.00
32.00
22.00
19.00
27.00
17.00
21.00
18.00
25.00
32.00
10.00
33.00
28.00
19.00
63.00
22.00
19.00
25.00
26.00
39.00
31.00
23.00
38.00
20.00
39.00
19.00
17.00
23.00
21.00
25.00
12.00
19.00
22.00
41.00
18.00
28.00
22.00
34.00
20.00
20.00
25.00
27.00
7.00
15.00
27.00
15.00
22.00
21.00
20.00
34.00
21.00
30.00
23.00
18.00
32.00
26.00
20.00
28.00
13.00
10.00
26.00
21.00
18.00
12.00
28.00
12.00
19.00
32.00
20.00
27.00
22.00
13.00
35.00
29.00
14.00
16.00
22.00
28.00
19.00
19.00
29.00
25.00
20.00
26.00
51.00
24.00
45.00
31.00
28.00
25.00
25.00
29.00
22.00
32.00
29.00
17.00
28.00
16.00
36.00
20.00
36.00
37.00
23.00
20.00
24.00
18.00
27.00
24.00
33.00
25.00
26.00
20.00
19.00
30.00
27.00
23.00
21.00
12.00
25.00
16.00
24.00
32.00
28.00
25.00
19.00
32.00
27.00
42.00
18.00
32.00
23.00
16.00
32.00
29.00
17.00
20.00
23.00
27.00
14.00
22.00
28.00
31.00
21.00
28.00
23.00
19.00
17.00
16.00
43.00
26.00
23.00
30.00
20.00
20.00
8.00
44.00
18.00
26.00
29.00
54.00
24.00
27.00
26.00
23.00
33.00
33.00
27.00
24.00
23.00
21.00
38.00
31.00
26.00
27.00
26.00
37.00
23.00
20.00
19.00
14.00
35.00
26.00
28.00
26.00
34.00
37.00
13.00
37.00
20.00
21.00
30.00
24.00
35.00
44.00
20.00
25.00
16.00
25.00
23.00
28.00
59.00
22.00
26.00
20.00
18.00
26.00
29.00
27.00
20.00
21.00
19.00
28.00
24.00
29.00
17.00
47.00
23.00
23.00
33.00
24.00
18.00
28.00
38.00
25.00
19.00
15.00
16.00
17.00
30.00
25.00
30.00
24.00
23.00
29.00
31.00
29.00
34.00
19.00
30.00
22.00
20.00
18.00
31.00
22.00
32.00
40.00
31.00
25.00
11.00
24.00
34.00
25.00
30.00
22.00
18.00
32.00
30.00
18.00
29.00
21.00
29.00
16.00
45.00
22.00
23.00
35.00
36.00
24.00
23.00
35.00
28.00
35.00
25.00
20.00
22.00
20.00
30.00
28.00
12.00
22.00
21.00
24.00
17.00
27.00
32.00
34.00
35.00
16.00
29.00
40.00
22.00
21.00
25.00
40.00
28.00
23.00
20.00
29.00
35.00
37.00
24.00
26.00
26.00
30.00
16.00
22.00
31.00
15.00
21.00
26.00
29.00
32.00
30.00
20.00
32.00
18.00
18.00
25.00
14.00
32.00
20.00
23.00
38.00
32.00
20.00
22.00
31.00
21.00
21.00
14.00
24.00
37.00
24.00
16.00
25.00
26.00
35.00
21.00
32.00
25.00
26.00
30.00
31.00
18.00
35.00
40.00
21.00
26.00
30.00
25.00
34.00
20.00
20.00
23.00
35.00
20.00
33.00
18.00
24.00
20.00
29.00
19.00
18.00
27.00
24.00
34.00
20.00
31.00
21.00
18.00
22.00
13.00
24.00
33.00
24.00
22.00
15.00
11.00
23.00
25.00
24.00
24.00
22.00
25.00
19.00
26.00
16.00
20.00
22.00
20.00
27.00
22.00
30.00
19.00
30.00
25.00
19.00
24.00
16.00
26.00
20.00
26.00
24.00
22.00
25.00
22.00
25.00
19.00
24.00
37.00
31.00
20.00
24.00
26.00
22.00
16.00
23.00
13.00
23.00
23.00
27.00
28.00
26.00
29.00
17.00
29.00
16.00
29.00
25.00
28.00
14.00
36.00
17.00
21.00
20.00
30.00
23.00
17.00
25.00
16.00
25.00
22.00
19.00
28.00
22.00
24.00
37.00
23.00
24.00
23.00
20.00
28.00
18.00
23.00
23.00
27.00
26.00
24.00
32.00
21.00
22.00
23.00
26.00
28.00
20.00
13.00
28.00
26.00
28.00
22.00
34.00
23.00
32.00
26.00
26.00
21.00
24.00
19.00
30.00
21.00
44.00
10.00
19.00
25.00
20.00
36.00
25.00
25.00
21.00
26.00
31.00
14.00
21.00
31.00
27.00
15.00
25.00
33.00
22.00
20.00
28.00
26.00
24.00
24.00
29.00
24.00
5.00
21.00
19.00
26.00
23.00
30.00
24.00
23.00
20.00
17.00
19.00
28.00
26.00
25.00
32.00
24.00
14.00
23.00
17.00
24.00
33.00
40.00
21.00
23.00
21.00
28.00
27.00
22.00
25.00
24.00
17.00
19.00
17.00
33.00
32.00
30.00
28.00
25.00
15.00
34.00
19.00
15.00
21.00
17.00
28.00
20.00
21.00
19.00
18.00
26.00
24.00
15.00
31.00
24.00
13.00
22.00
39.00
32.00
24.00
29.00
28.00
23.00
24.00
38.00
47.00
17.00
22.00
25.00
23.00
29.00
31.00
28.00
32.00
25.00
27.00
27.00
29.00
24.00
26.00
25.00
23.00
20.00
18.00
16.00
14.00
30.00
20.00
23.00
28.00
23.00
15.00
26.00
17.00
33.00
16.00
15.00
33.00
28.00
18.00
27.00
25.00
16.00
19.00
31.00
28.00
41.00
21.00
11.00
21.00
24.00
24.00
23.00
18.00
19.00
26.00
24.00
22.00
23.00
15.00
20.00
30.00
18.00
27.00
25.00
30.00
38.00
25.00
31.00
20.00
33.00
22.00
19.00
24.00
16.00
20.00
25.00
12.00
22.00
21.00
26.00
30.00
16.00
15.00
22.00
15.00
27.00
25.00
15.00
24.00
24.00
8.00
30.00
29.00
24.00
30.00
23.00
27.00
21.00
25.00
19.00
23.00
18.00
30.00
27.00
26.00
26.00
24.00
23.00
19.00
21.00
14.00
36.00
23.00
15.00
24.00
30.00
24.00
28.00
28.00
24.00
22.00
45.00
31.00
18.00
15.00
19.00
25.00
20.00
25.00
22.00
16.00
26.00
21.00
14.00
24.00
18.00
29.00
27.00
29.00
6.00
17.00
21.00
14.00
33.00
30.00
23.00
22.00
16.00
16.00
21.00
14.00
31.00
33.00
14.00
24.00
25.00
29.00
27.00
17.00
37.00
18.00
19.00
11.00
19.00
25.00
35.00
31.00
29.00
27.00
20.00
21.00
27.00
