7.00
14.00
20.00
5.00
17.00
11.00
20.00
9.00
18.00
15.00
14.00
18.00
16.00
17.00
16.00
21.00
18.00
12.00
28.00
20.00
17.00
10.00
19.00
12.00
12.00
22.00
21.00
24.00
9.00
18.00
8.00
10.00
11.00
13.00
15.00
20.00
18.00
16.00
19.00
13.00
20.00
10.00
24.00
15.00
19.00
12.00
14.00
22.00
9.00
22.00
14.00
4.00
14.00
10.00
6.00
15.00
18.00
25.00
12.00
28.00
15.00
27.00
18.00
16.00
20.00
28.00
23.00
21.00
6.00
21.00
15.00
23.00
16.00
13.00
16.00
32.00
13.00
15.00
14.00
19.00
12.00
8.00
18.00
11.00
14.00
17.00
25.00
16.00
16.00
16.00
28.00
9.00
10.00
20.00
13.00
17.00
13.00
19.00
15.00
12.00
18.00
12.00
14.00
14.00
18.00
32.00
12.00
18.00
21.00
17.00
11.00
23.00
16.00
15.00
20.00
19.00
20.00
16.00
22.00
16.00
16.00
18.00
8.00
23.00
17.00
21.00
14.00
29.00
19.00
20.00
24.00
19.00
22.00
16.00
22.00
17.00
17.00
16.00
13.00
22.00
29.00
20.00
10.00
13.00
14.00
22.00
12.00
24.00
24.00
18.00
13.00
15.00
17.00
17.00
22.00
19.00
14.00
33.00
22.00
6.00
23.00
20.00
27.00
18.00
23.00
19.00
28.00
15.00
20.00
20.00
19.00
23.00
21.00
20.00
20.00
9.00
26.00
14.00
20.00
24.00
19.00
21.00
16.00
16.00
14.00
21.00
30.00
28.00
25.00
16.00
20.00
17.00
16.00
28.00
10.00
14.00
22.00
14.00
20.00
16.00
22.00
14.00
14.00
13.00
18.00
22.00
27.00
15.00
15.00
15.00
20.00
19.00
25.00
17.00
17.00
17.00
19.00
17.00
17.00
20.00
22.00
17.00
31.00
26.00
17.00
21.00
14.00
17.00
12.00
21.00
22.00
10.00
7.00
13.00
17.00
27.00
22.00
22.00
21.00
10.00
20.00
12.00
19.00
22.00
8.00
8.00
17.00
14.00
22.00
25.00
15.00
21.00
15.00
20.00
23.00
20.00
22.00
24.00
11.00
23.00
25.00
15.00
24.00
15.00
22.00
16.00
9.00
25.00
7.00
24.00
29.00
14.00
15.00
19.00
5.00
15.00
17.00
19.00
14.00
20.00
27.00
14.00
17.00
16.00
18.00
15.00
23.00
16.00
16.00
24.00
16.00
15.00
14.00
22.00
26.00
14.00
17.00
23.00
19.00
17.00
12.00
8.00
26.00
17.00
16.00
6.00
16.00
14.00
16.00
22.00
17.00
20.00
8.00
12.00
17.00
22.00
21.00
17.00
12.00
15.00
11.00
17.00
13.00
10.00
17.00
19.00
18.00
28.00
32.00
7.00
12.00
25.00
10.00
21.00
22.00
16.00
29.00
21.00
16.00
10.00
20.00
16.00
11.00
17.00
17.00
19.00
17.00
21.00
13.00
20.00
14.00
21.00
9.00
11.00
25.00
10.00
15.00
18.00
18.00
16.00
16.00
20.00
19.00
17.00
18.00
26.00
16.00
22.00
22.00
8.00
20.00
21.00
19.00
13.00
12.00
17.00
21.00
19.00
26.00
17.00
13.00
12.00
14.00
10.00
23.00
16.00
15.00
18.00
12.00
19.00
21.00
6.00
26.00
18.00
14.00
17.00
20.00
19.00
22.00
14.00
11.00
13.00
21.00
22.00
21.00
17.00
21.00
16.00
18.00
21.00
22.00
20.00
19.00
24.00
19.00
18.00
25.00
12.00
13.00
19.00
16.00
7.00
19.00
20.00
23.00
15.00
13.00
29.00
14.00
23.00
18.00
17.00
21.00
25.00
16.00
25.00
22.00
14.00
16.00
16.00
21.00
18.00
16.00
19.00
18.00
15.00
11.00
14.00
16.00
18.00
22.00
22.00
17.00
10.00
22.00
13.00
17.00
9.00
21.00
13.00
12.00
11.00
10.00
9.00
19.00
17.00
20.00
18.00
16.00
17.00
23.00
23.00
19.00
14.00
20.00
12.00
15.00
22.00
21.00
18.00
26.00
20.00
12.00
35.00
10.00
33.00
15.00
8.00
19.00
18.00
17.00
23.00
21.00
20.00
17.00
15.00
14.00
10.00
25.00
15.00
17.00
21.00
18.00
18.00
13.00
19.00
19.00
20.00
11.00
17.00
16.00
16.00
18.00
14.00
14.00
8.00
17.00
15.00
18.00
29.00
18.00
17.00
22.00
13.00
14.00
11.00
17.00
19.00
25.00
17.00
23.00
23.00
17.00
20.00
20.00
14.00
33.00
13.00
13.00
17.00
22.00
33.00
15.00
20.00
15.00
19.00
14.00
8.00
23.00
25.00
16.00
19.00
25.00
11.00
17.00
15.00
28.00
19.00
11.00
14.00
27.00
14.00
12.00
23.00
17.00
16.00
20.00
19.00
15.00
15.00
18.00
11.00
19.00
16.00
26.00
16.00
20.00
17.00
17.00
21.00
14.00
16.00
14.00
27.00
15.00
23.00
14.00
19.00
20.00
15.00
11.00
15.00
13.00
12.00
24.00
17.00
20.00
12.00
16.00
18.00
18.00
23.00
13.00
24.00
9.00
14.00
10.00
17.00
15.00
14.00
20.00
14.00
19.00
20.00
16.00
16.00
5.00
16.00
10.00
14.00
22.00
18.00
15.00
22.00
24.00
18.00
18.00
15.00
20.00
12.00
9.00
16.00
20.00
24.00
8.00
22.00
14.00
16.00
22.00
16.00
22.00
27.00
17.00
18.00
17.00
16.00
20.00
22.00
16.00
15.00
14.00
13.00
16.00
31.00
18.00
11.00
14.00
16.00
15.00
21.00
14.00
19.00
18.00
14.00
19.00
15.00
6.00
19.00
15.00
17.00
20.00
9.00
13.00
15.00
23.00
28.00
20.00
11.00
12.00
21.00
11.00
15.00
10.00
13.00
24.00
22.00
21.00
15.00
18.00
19.00
13.00
11.00
13.00
12.00
15.00
17.00
19.00
11.00
11.00
19.00
14.00
10.00
14.00
13.00
12.00
11.00
13.00
14.00
15.00
24.00
15.00
21.00
19.00
13.00
12.00
11.00
15.00
20.00
22.00
16.00
13.00
10.00
15.00
17.00
14.00
16.00
18.00
19.00
21.00
15.00
22.00
25.00
14.00
17.00
13.00
16.00
10.00
18.00
15.00
16.00
18.00
11.00
11.00
17.00
19.00
13.00
5.00
10.00
6.00
22.00
15.00
12.00
18.00
8.00
15.00
23.00
16.00
13.00
20.00
13.00
12.00
15.00
22.00
16.00
9.00
18.00
18.00
20.00
21.00
20.00
14.00
19.00
16.00
18.00
24.00
9.00
18.00
19.00
16.00
9.00
17.00
17.00
11.00
12.00
15.00
16.00
11.00
37.00
18.00
20.00
17.00
9.00
15.00
20.00
17.00
10.00
15.00
18.00
9.00
28.00
