17.00
28.00
34.00
23.00
15.00
24.00
27.00
19.00
22.00
25.00
22.00
23.00
19.00
20.00
28.00
26.00
37.00
31.00
26.00
24.00
28.00
25.00
36.00
32.00
27.00
35.00
28.00
15.00
27.00
24.00
25.00
15.00
34.00
27.00
34.00
34.00
33.00
11.00
33.00
14.00
31.00
14.00
25.00
23.00
40.00
30.00
26.00
29.00
20.00
20.00
30.00
29.00
33.00
31.00
25.00
30.00
19.00
21.00
25.00
35.00
30.00
31.00
35.00
35.00
24.00
18.00
27.00
25.00
29.00
20.00
32.00
28.00
30.00
27.00
27.00
25.00
21.00
30.00
18.00
24.00
29.00
17.00
13.00
26.00
25.00
24.00
29.00
37.00
23.00
31.00
27.00
25.00
25.00
34.00
40.00
22.00
33.00
23.00
19.00
34.00
24.00
25.00
22.00
31.00
29.00
18.00
32.00
24.00
30.00
22.00
26.00
31.00
42.00
25.00
32.00
41.00
18.00
18.00
25.00
28.00
23.00
17.00
26.00
43.00
30.00
22.00
29.00
19.00
30.00
18.00
18.00
29.00
31.00
25.00
32.00
33.00
29.00
26.00
24.00
28.00
37.00
32.00
17.00
21.00
19.00
30.00
35.00
29.00
32.00
26.00
25.00
34.00
27.00
17.00
23.00
34.00
39.00
30.00
23.00
22.00
34.00
19.00
29.00
28.00
33.00
31.00
27.00
29.00
16.00
29.00
34.00
15.00
17.00
18.00
23.00
31.00
53.00
36.00
33.00
26.00
28.00
22.00
24.00
26.00
35.00
21.00
36.00
21.00
31.00
31.00
31.00
32.00
14.00
32.00
35.00
22.00
29.00
20.00
20.00
42.00
24.00
25.00
28.00
16.00
26.00
31.00
26.00
32.00
26.00
31.00
25.00
28.00
52.00
17.00
32.00
28.00
40.00
20.00
32.00
25.00
22.00
37.00
24.00
30.00
26.00
27.00
30.00
27.00
22.00
19.00
36.00
19.00
22.00
23.00
26.00
26.00
24.00
31.00
24.00
25.00
30.00
29.00
31.00
39.00
19.00
22.00
27.00
29.00
18.00
26.00
9.00
28.00
21.00
20.00
31.00
30.00
34.00
27.00
28.00
27.00
20.00
41.00
27.00
25.00
15.00
34.00
23.00
26.00
21.00
33.00
22.00
40.00
31.00
23.00
32.00
31.00
36.00
20.00
22.00
24.00
27.00
41.00
29.00
26.00
21.00
20.00
31.00
23.00
31.00
26.00
16.00
27.00
29.00
21.00
24.00
26.00
35.00
31.00
23.00
26.00
28.00
18.00
17.00
13.00
33.00
26.00
26.00
22.00
33.00
28.00
29.00
21.00
26.00
35.00
29.00
27.00
25.00
32.00
23.00
20.00
29.00
26.00
32.00
29.00
30.00
17.00
25.00
26.00
24.00
24.00
36.00
29.00
26.00
34.00
22.00
38.00
42.00
32.00
25.00
28.00
24.00
19.00
25.00
23.00
21.00
34.00
25.00
32.00
66.00
29.00
23.00
47.00
40.00
11.00
22.00
29.00
27.00
28.00
19.00
18.00
26.00
10.00
23.00
29.00
29.00
31.00
31.00
19.00
38.00
32.00
23.00
30.00
35.00
35.00
29.00
31.00
19.00
23.00
27.00
18.00
30.00
32.00
23.00
25.00
34.00
20.00
20.00
26.00
34.00
35.00
23.00
20.00
30.00
24.00
28.00
17.00
37.00
17.00
21.00
25.00
24.00
35.00
23.00
26.00
33.00
20.00
32.00
16.00
19.00
31.00
26.00
17.00
25.00
34.00
34.00
24.00
35.00
28.00
18.00
28.00
34.00
37.00
23.00
18.00
29.00
28.00
25.00
18.00
30.00
18.00
15.00
28.00
31.00
28.00
27.00
26.00
40.00
32.00
42.00
21.00
34.00
38.00
27.00
32.00
19.00
31.00
32.00
16.00
23.00
21.00
35.00
18.00
25.00
15.00
24.00
35.00
47.00
29.00
24.00
30.00
17.00
13.00
23.00
31.00
26.00
33.00
24.00
19.00
27.00
24.00
45.00
23.00
31.00
25.00
24.00
27.00
29.00
28.00
43.00
19.00
27.00
23.00
21.00
37.00
28.00
28.00
21.00
24.00
28.00
32.00
29.00
27.00
20.00
30.00
49.00
33.00
32.00
25.00
22.00
36.00
30.00
15.00
14.00
23.00
28.00
31.00
26.00
28.00
24.00
24.00
26.00
21.00
23.00
38.00
29.00
23.00
18.00
26.00
21.00
26.00
31.00
21.00
21.00
26.00
26.00
14.00
26.00
36.00
25.00
23.00
19.00
34.00
26.00
29.00
23.00
31.00
29.00
31.00
30.00
25.00
26.00
18.00
24.00
27.00
17.00
31.00
22.00
29.00
22.00
20.00
22.00
32.00
25.00
21.00
24.00
28.00
22.00
22.00
34.00
23.00
25.00
18.00
33.00
18.00
27.00
25.00
33.00
25.00
31.00
36.00
24.00
32.00
26.00
34.00
39.00
25.00
21.00
33.00
28.00
25.00
26.00
29.00
34.00
26.00
36.00
24.00
22.00
25.00
16.00
24.00
18.00
17.00
20.00
25.00
29.00
30.00
36.00
31.00
31.00
16.00
22.00
21.00
17.00
24.00
10.00
23.00
25.00
21.00
25.00
31.00
21.00
26.00
31.00
18.00
22.00
35.00
17.00
16.00
26.00
23.00
29.00
23.00
19.00
25.00
31.00
28.00
30.00
25.00
21.00
49.00
22.00
27.00
27.00
36.00
23.00
29.00
29.00
18.00
26.00
24.00
31.00
41.00
17.00
30.00
36.00
19.00
23.00
21.00
30.00
15.00
19.00
29.00
22.00
26.00
19.00
19.00
25.00
25.00
29.00
25.00
27.00
19.00
22.00
28.00
33.00
21.00
31.00
31.00
23.00
19.00
28.00
26.00
29.00
11.00
26.00
29.00
24.00
27.00
22.00
24.00
17.00
31.00
23.00
29.00
30.00
10.00
28.00
30.00
20.00
27.00
16.00
16.00
39.00
28.00
27.00
27.00
32.00
36.00
29.00
29.00
17.00
26.00
35.00
24.00
28.00
36.00
33.00
27.00
14.00
30.00
23.00
26.00
26.00
22.00
28.00
19.00
42.00
28.00
28.00
39.00
34.00
30.00
25.00
24.00
31.00
19.00
21.00
25.00
29.00
29.00
25.00
26.00
30.00
22.00
28.00
27.00
38.00
31.00
34.00
30.00
19.00
32.00
26.00
25.00
19.00
24.00
28.00
16.00
26.00
20.00
30.00
27.00
37.00
33.00
28.00
35.00
24.00
16.00
36.00
37.00
22.00
21.00
20.00
25.00
13.00
29.00
22.00
38.00
28.00
23.00
33.00
32.00
23.00
23.00
32.00
25.00
24.00
25.00
34.00
26.00
24.00
30.00
25.00
18.00
23.00
32.00
16.00
29.00
30.00
18.00
23.00
25.00
27.00
28.00
26.00
23.00
31.00
21.00
27.00
16.00
