15.00
13.00
19.00
10.00
21.00
13.00
17.00
2.00
11.00
18.00
28.00
15.00
17.00
15.00
25.00
10.00
11.00
28.00
10.00
11.00
9.00
20.00
27.00
11.00
19.00
16.00
35.00
7.00
13.00
11.00
15.00
17.00
18.00
19.00
17.00
25.00
28.00
29.00
20.00
16.00
14.00
15.00
24.00
16.00
15.00
4.00
17.00
14.00
23.00
15.00
5.00
11.00
23.00
28.00
20.00
20.00
23.00
17.00
16.00
16.00
26.00
16.00
13.00
27.00
27.00
12.00
17.00
19.00
18.00
18.00
26.00
21.00
10.00
20.00
24.00
22.00
18.00
15.00
32.00
21.00
26.00
18.00
20.00
23.00
17.00
17.00
26.00
25.00
29.00
17.00
24.00
19.00
15.00
11.00
22.00
11.00
29.00
23.00
12.00
18.00
15.00
21.00
16.00
18.00
14.00
21.00
20.00
12.00
23.00
17.00
24.00
18.00
17.00
14.00
21.00
16.00
10.00
13.00
26.00
30.00
19.00
31.00
16.00
15.00
12.00
29.00
25.00
12.00
20.00
21.00
18.00
18.00
13.00
22.00
20.00
15.00
16.00
22.00
14.00
6.00
22.00
17.00
23.00
28.00
15.00
18.00
11.00
15.00
15.00
23.00
14.00
18.00
16.00
8.00
19.00
23.00
25.00
8.00
14.00
25.00
21.00
22.00
26.00
11.00
30.00
16.00
17.00
27.00
20.00
19.00
28.00
21.00
23.00
19.00
15.00
46.00
13.00
25.00
27.00
26.00
24.00
19.00
22.00
16.00
19.00
6.00
21.00
22.00
19.00
19.00
11.00
27.00
39.00
18.00
20.00
10.00
22.00
30.00
18.00
21.00
10.00
19.00
17.00
17.00
13.00
20.00
16.00
21.00
10.00
24.00
21.00
14.00
22.00
11.00
20.00
21.00
15.00
15.00
16.00
22.00
16.00
19.00
19.00
9.00
14.00
19.00
16.00
18.00
27.00
28.00
15.00
19.00
20.00
20.00
21.00
27.00
25.00
23.00
8.00
10.00
26.00
14.00
13.00
14.00
22.00
13.00
18.00
14.00
22.00
15.00
25.00
17.00
23.00
16.00
20.00
22.00
13.00
16.00
32.00
15.00
14.00
22.00
18.00
25.00
23.00
6.00
16.00
15.00
10.00
12.00
19.00
13.00
16.00
32.00
21.00
22.00
19.00
22.00
25.00
23.00
13.00
15.00
25.00
18.00
16.00
15.00
13.00
11.00
25.00
21.00
19.00
22.00
21.00
11.00
30.00
19.00
14.00
20.00
14.00
16.00
16.00
21.00
23.00
16.00
16.00
23.00
14.00
20.00
11.00
12.00
11.00
25.00
25.00
10.00
21.00
16.00
21.00
14.00
19.00
14.00
19.00
33.00
15.00
16.00
20.00
25.00
17.00
22.00
21.00
30.00
26.00
11.00
27.00
22.00
19.00
19.00
24.00
13.00
27.00
15.00
16.00
13.00
32.00
18.00
27.00
20.00
17.00
25.00
23.00
20.00
12.00
21.00
19.00
17.00
16.00
26.00
24.00
21.00
20.00
15.00
16.00
20.00
20.00
29.00
18.00
13.00
39.00
21.00
28.00
15.00
9.00
16.00
23.00
14.00
17.00
17.00
16.00
24.00
27.00
27.00
20.00
14.00
19.00
11.00
19.00
17.00
12.00
28.00
19.00
16.00
23.00
16.00
19.00
23.00
13.00
15.00
7.00
23.00
25.00
12.00
8.00
21.00
21.00
17.00
19.00
18.00
16.00
13.00
19.00
18.00
12.00
8.00
12.00
13.00
15.00
31.00
13.00
27.00
13.00
13.00
24.00
13.00
15.00
10.00
19.00
21.00
19.00
18.00
18.00
20.00
12.00
10.00
14.00
16.00
18.00
18.00
12.00
19.00
17.00
24.00
15.00
18.00
10.00
21.00
17.00
18.00
20.00
19.00
16.00
16.00
20.00
18.00
21.00
13.00
17.00
18.00
28.00
18.00
19.00
15.00
18.00
12.00
22.00
16.00
16.00
15.00
16.00
9.00
23.00
15.00
15.00
14.00
23.00
19.00
13.00
26.00
20.00
17.00
17.00
22.00
6.00
17.00
33.00
21.00
16.00
11.00
14.00
6.00
20.00
27.00
16.00
14.00
22.00
11.00
15.00
6.00
17.00
12.00
17.00
17.00
12.00
25.00
11.00
12.00
14.00
31.00
26.00
20.00
5.00
22.00
13.00
15.00
24.00
13.00
15.00
16.00
26.00
14.00
18.00
19.00
16.00
7.00
27.00
24.00
19.00
18.00
23.00
30.00
18.00
19.00
24.00
9.00
19.00
20.00
10.00
21.00
15.00
19.00
15.00
14.00
11.00
20.00
15.00
22.00
16.00
18.00
19.00
32.00
21.00
18.00
13.00
20.00
16.00
15.00
13.00
10.00
8.00
17.00
10.00
14.00
12.00
13.00
20.00
11.00
9.00
13.00
23.00
11.00
18.00
13.00
23.00
16.00
21.00
13.00
22.00
14.00
21.00
24.00
12.00
21.00
6.00
24.00
20.00
24.00
17.00
20.00
19.00
15.00
19.00
14.00
11.00
9.00
10.00
17.00
15.00
22.00
13.00
16.00
10.00
10.00
19.00
20.00
29.00
25.00
24.00
14.00
18.00
24.00
11.00
15.00
26.00
10.00
18.00
28.00
24.00
14.00
16.00
23.00
21.00
20.00
13.00
15.00
10.00
19.00
23.00
25.00
22.00
10.00
22.00
27.00
16.00
26.00
13.00
12.00
18.00
15.00
10.00
7.00
17.00
20.00
24.00
23.00
14.00
24.00
15.00
21.00
13.00
14.00
16.00
27.00
22.00
7.00
7.00
13.00
11.00
18.00
17.00
8.00
22.00
24.00
34.00
21.00
11.00
19.00
19.00
17.00
8.00
23.00
10.00
20.00
16.00
48.00
15.00
21.00
6.00
12.00
9.00
21.00
13.00
12.00
15.00
21.00
13.00
25.00
15.00
17.00
17.00
26.00
16.00
15.00
31.00
24.00
16.00
18.00
19.00
14.00
11.00
15.00
15.00
25.00
32.00
16.00
15.00
12.00
7.00
22.00
21.00
14.00
15.00
20.00
17.00
17.00
19.00
14.00
30.00
11.00
17.00
17.00
16.00
19.00
21.00
18.00
17.00
14.00
19.00
12.00
15.00
16.00
14.00
20.00
14.00
23.00
17.00
10.00
21.00
11.00
15.00
31.00
21.00
16.00
24.00
18.00
14.00
27.00
14.00
12.00
18.00
6.00
22.00
19.00
17.00
15.00
16.00
15.00
18.00
12.00
22.00
18.00
19.00
18.00
27.00
22.00
13.00
13.00
21.00
25.00
15.00
21.00
13.00
13.00
11.00
19.00
13.00
13.00
20.00
13.00
9.00
13.00
21.00
17.00
14.00
16.00
16.00
15.00
17.00
19.00
18.00
14.00
19.00
24.00
11.00
15.00
14.00
5.00
15.00
11.00
7.00
20.00
21.00
14.00
