26.00
22.00
16.00
20.00
27.00
16.00
18.00
18.00
33.00
16.00
26.00
19.00
23.00
29.00
18.00
37.00
26.00
19.00
30.00
24.00
31.00
16.00
34.00
15.00
29.00
22.00
21.00
25.00
23.00
19.00
23.00
29.00
16.00
26.00
21.00
19.00
29.00
23.00
28.00
23.00
18.00
30.00
17.00
38.00
29.00
15.00
19.00
27.00
27.00
37.00
27.00
27.00
23.00
23.00
29.00
22.00
13.00
39.00
29.00
33.00
26.00
26.00
24.00
14.00
21.00
24.00
21.00
29.00
15.00
21.00
30.00
34.00
13.00
21.00
21.00
40.00
21.00
14.00
18.00
28.00
20.00
20.00
46.00
12.00
30.00
33.00
29.00
29.00
26.00
26.00
15.00
17.00
28.00
28.00
34.00
24.00
22.00
26.00
30.00
31.00
15.00
47.00
20.00
14.00
26.00
20.00
25.00
48.00
25.00
21.00
21.00
18.00
18.00
17.00
28.00
22.00
23.00
28.00
25.00
20.00
27.00
33.00
39.00
39.00
23.00
15.00
18.00
26.00
39.00
20.00
22.00
24.00
22.00
26.00
31.00
28.00
34.00
25.00
32.00
28.00
27.00
19.00
27.00
25.00
20.00
15.00
30.00
19.00
23.00
24.00
27.00
31.00
26.00
22.00
22.00
25.00
23.00
28.00
13.00
28.00
33.00
29.00
17.00
26.00
26.00
19.00
16.00
20.00
12.00
18.00
35.00
19.00
40.00
27.00
39.00
14.00
14.00
28.00
22.00
21.00
18.00
20.00
20.00
17.00
25.00
22.00
19.00
25.00
33.00
23.00
12.00
28.00
29.00
18.00
26.00
15.00
27.00
25.00
25.00
21.00
19.00
26.00
29.00
27.00
25.00
24.00
20.00
39.00
16.00
20.00
20.00
24.00
8.00
28.00
29.00
24.00
23.00
16.00
22.00
21.00
21.00
42.00
15.00
29.00
40.00
19.00
23.00
23.00
24.00
27.00
36.00
31.00
39.00
19.00
16.00
20.00
28.00
22.00
28.00
24.00
29.00
17.00
19.00
26.00
30.00
23.00
20.00
24.00
28.00
19.00
23.00
18.00
29.00
20.00
22.00
16.00
32.00
22.00
25.00
14.00
27.00
26.00
30.00
14.00
20.00
27.00
18.00
23.00
27.00
25.00
26.00
22.00
41.00
22.00
21.00
24.00
33.00
31.00
28.00
27.00
25.00
21.00
17.00
28.00
25.00
23.00
29.00
36.00
17.00
29.00
15.00
25.00
30.00
33.00
37.00
16.00
41.00
25.00
21.00
25.00
27.00
27.00
32.00
19.00
19.00
20.00
25.00
21.00
13.00
25.00
19.00
22.00
19.00
25.00
29.00
30.00
26.00
42.00
26.00
20.00
31.00
17.00
20.00
18.00
30.00
16.00
19.00
28.00
18.00
15.00
15.00
30.00
28.00
25.00
21.00
26.00
24.00
30.00
20.00
25.00
23.00
26.00
18.00
24.00
24.00
22.00
29.00
20.00
27.00
20.00
20.00
29.00
27.00
37.00
38.00
29.00
25.00
22.00
33.00
23.00
20.00
27.00
17.00
19.00
33.00
25.00
36.00
19.00
17.00
31.00
27.00
30.00
29.00
10.00
13.00
26.00
28.00
17.00
18.00
17.00
32.00
20.00
21.00
36.00
23.00
26.00
11.00
24.00
25.00
25.00
32.00
33.00
25.00
25.00
31.00
33.00
27.00
20.00
25.00
25.00
32.00
21.00
30.00
27.00
31.00
27.00
22.00
30.00
12.00
25.00
23.00
33.00
14.00
25.00
21.00
13.00
27.00
22.00
29.00
32.00
29.00
30.00
24.00
21.00
23.00
19.00
19.00
15.00
29.00
17.00
23.00
19.00
23.00
22.00
25.00
24.00
23.00
28.00
23.00
21.00
15.00
21.00
25.00
17.00
32.00
24.00
27.00
21.00
23.00
16.00
27.00
30.00
32.00
18.00
26.00
35.00
22.00
32.00
18.00
27.00
24.00
30.00
14.00
29.00
34.00
21.00
24.00
25.00
23.00
26.00
37.00
27.00
28.00
28.00
24.00
24.00
19.00
26.00
24.00
8.00
30.00
12.00
25.00
18.00
25.00
32.00
21.00
23.00
16.00
14.00
23.00
18.00
25.00
17.00
31.00
30.00
23.00
22.00
13.00
19.00
21.00
22.00
23.00
23.00
14.00
18.00
16.00
16.00
22.00
25.00
21.00
11.00
28.00
30.00
18.00
25.00
23.00
17.00
25.00
18.00
22.00
14.00
25.00
24.00
35.00
23.00
19.00
31.00
18.00
19.00
21.00
31.00
20.00
23.00
30.00
34.00
15.00
19.00
37.00
22.00
29.00
21.00
14.00
18.00
18.00
15.00
29.00
25.00
17.00
28.00
28.00
15.00
18.00
33.00
15.00
24.00
15.00
19.00
21.00
25.00
13.00
19.00
27.00
35.00
20.00
22.00
23.00
33.00
33.00
14.00
24.00
29.00
26.00
25.00
21.00
29.00
32.00
29.00
20.00
23.00
27.00
27.00
23.00
18.00
27.00
26.00
39.00
17.00
21.00
23.00
32.00
19.00
26.00
23.00
16.00
24.00
20.00
9.00
27.00
25.00
27.00
18.00
19.00
20.00
24.00
28.00
25.00
22.00
29.00
4.00
32.00
14.00
18.00
19.00
26.00
24.00
19.00
16.00
18.00
22.00
28.00
11.00
22.00
14.00
21.00
16.00
26.00
14.00
22.00
26.00
25.00
23.00
29.00
17.00
28.00
25.00
17.00
23.00
21.00
25.00
17.00
28.00
30.00
20.00
21.00
27.00
18.00
25.00
21.00
20.00
20.00
22.00
25.00
34.00
13.00
24.00
23.00
21.00
23.00
32.00
18.00
20.00
29.00
15.00
18.00
19.00
29.00
42.00
19.00
29.00
18.00
26.00
33.00
20.00
16.00
13.00
16.00
21.00
23.00
27.00
19.00
32.00
20.00
20.00
22.00
25.00
14.00
31.00
22.00
29.00
16.00
18.00
26.00
17.00
17.00
29.00
28.00
23.00
29.00
20.00
25.00
23.00
21.00
24.00
21.00
9.00
21.00
20.00
23.00
24.00
18.00
20.00
28.00
33.00
16.00
21.00
36.00
21.00
11.00
20.00
20.00
27.00
24.00
20.00
26.00
21.00
25.00
24.00
27.00
12.00
28.00
23.00
19.00
22.00
10.00
22.00
27.00
29.00
25.00
26.00
24.00
20.00
17.00
21.00
40.00
19.00
23.00
25.00
28.00
20.00
24.00
19.00
28.00
29.00
10.00
20.00
34.00
27.00
19.00
30.00
30.00
12.00
19.00
20.00
28.00
20.00
21.00
25.00
18.00
32.00
32.00
22.00
24.00
24.00
21.00
25.00
5.00
20.00
23.00
25.00
28.00
24.00
19.00
32.00
23.00
27.00
23.00
20.00
19.00
24.00
9.00
21.00
17.00
26.00
20.00
24.00
15.00
18.00
26.00
25.00
