14.00
18.00
14.00
15.00
20.00
23.00
17.00
18.00
29.00
23.00
19.00
13.00
17.00
26.00
21.00
18.00
16.00
18.00
13.00
32.00
26.00
16.00
35.00
20.00
17.00
38.00
34.00
32.00
13.00
21.00
16.00
13.00
13.00
31.00
33.00
16.00
16.00
18.00
24.00
21.00
29.00
20.00
19.00
11.00
22.00
21.00
27.00
18.00
7.00
24.00
24.00
27.00
13.00
21.00
17.00
22.00
22.00
17.00
16.00
21.00
24.00
43.00
15.00
15.00
21.00
19.00
23.00
17.00
28.00
13.00
32.00
26.00
16.00
22.00
19.00
16.00
17.00
13.00
25.00
40.00
26.00
22.00
27.00
35.00
17.00
29.00
20.00
24.00
29.00
31.00
20.00
25.00
27.00
33.00
16.00
21.00
24.00
34.00
23.00
30.00
23.00
43.00
27.00
16.00
13.00
18.00
12.00
22.00
32.00
35.00
12.00
27.00
20.00
19.00
12.00
24.00
23.00
22.00
22.00
20.00
33.00
30.00
11.00
17.00
24.00
30.00
15.00
25.00
39.00
31.00
23.00
24.00
44.00
37.00
25.00
24.00
13.00
15.00
13.00
23.00
40.00
28.00
19.00
9.00
18.00
25.00
27.00
18.00
23.00
25.00
21.00
14.00
20.00
17.00
34.00
27.00
8.00
34.00
26.00
21.00
19.00
17.00
29.00
32.00
14.00
16.00
16.00
28.00
24.00
41.00
31.00
19.00
36.00
14.00
18.00
28.00
23.00
15.00
18.00
36.00
23.00
26.00
28.00
9.00
16.00
23.00
19.00
18.00
13.00
25.00
12.00
29.00
21.00
19.00
30.00
16.00
25.00
23.00
25.00
17.00
24.00
16.00
15.00
21.00
33.00
19.00
20.00
24.00
18.00
24.00
23.00
23.00
23.00
19.00
18.00
20.00
34.00
20.00
28.00
20.00
26.00
32.00
9.00
26.00
28.00
13.00
40.00
23.00
24.00
17.00
11.00
25.00
17.00
40.00
12.00
26.00
18.00
13.00
19.00
16.00
18.00
28.00
25.00
25.00
24.00
14.00
26.00
19.00
32.00
23.00
21.00
24.00
20.00
31.00
16.00
22.00
15.00
22.00
14.00
30.00
27.00
27.00
24.00
22.00
18.00
16.00
24.00
22.00
33.00
26.00
24.00
20.00
28.00
21.00
36.00
18.00
29.00
48.00
20.00
18.00
27.00
14.00
18.00
19.00
13.00
20.00
17.00
28.00
19.00
29.00
23.00
37.00
23.00
27.00
21.00
29.00
24.00
19.00
21.00
20.00
14.00
22.00
15.00
16.00
20.00
30.00
19.00
20.00
21.00
13.00
31.00
27.00
13.00
27.00
10.00
23.00
23.00
25.00
23.00
20.00
21.00
45.00
20.00
18.00
22.00
12.00
21.00
34.00
15.00
22.00
24.00
22.00
31.00
14.00
24.00
44.00
22.00
19.00
29.00
19.00
19.00
19.00
16.00
30.00
14.00
21.00
23.00
22.00
28.00
20.00
22.00
15.00
24.00
20.00
18.00
17.00
22.00
22.00
22.00
14.00
23.00
24.00
21.00
25.00
24.00
24.00
21.00
17.00
20.00
26.00
10.00
18.00
16.00
20.00
16.00
18.00
21.00
23.00
25.00
15.00
20.00
18.00
15.00
12.00
13.00
14.00
12.00
32.00
22.00
22.00
26.00
34.00
18.00
26.00
24.00
20.00
38.00
25.00
31.00
25.00
25.00
15.00
12.00
21.00
42.00
16.00
28.00
20.00
19.00
24.00
11.00
26.00
21.00
37.00
25.00
25.00
11.00
27.00
7.00
33.00
21.00
24.00
20.00
29.00
32.00
28.00
13.00
28.00
21.00
17.00
19.00
32.00
28.00
14.00
15.00
22.00
17.00
24.00
24.00
21.00
21.00
19.00
34.00
12.00
24.00
35.00
32.00
17.00
16.00
23.00
25.00
28.00
19.00
21.00
24.00
28.00
21.00
32.00
9.00
31.00
19.00
18.00
27.00
23.00
32.00
12.00
23.00
24.00
20.00
33.00
18.00
12.00
34.00
24.00
21.00
17.00
17.00
25.00
24.00
19.00
16.00
16.00
13.00
16.00
25.00
20.00
21.00
19.00
15.00
18.00
13.00
19.00
24.00
10.00
19.00
13.00
14.00
14.00
9.00
25.00
27.00
29.00
24.00
17.00
23.00
16.00
18.00
11.00
17.00
18.00
27.00
26.00
19.00
20.00
19.00
26.00
25.00
19.00
19.00
17.00
11.00
12.00
21.00
20.00
13.00
19.00
37.00
19.00
16.00
21.00
18.00
15.00
29.00
24.00
11.00
18.00
27.00
20.00
24.00
22.00
13.00
8.00
26.00
18.00
24.00
7.00
13.00
16.00
22.00
16.00
16.00
16.00
27.00
16.00
16.00
19.00
16.00
18.00
21.00
20.00
22.00
30.00
18.00
13.00
14.00
20.00
25.00
34.00
17.00
19.00
21.00
20.00
17.00
17.00
21.00
16.00
23.00
18.00
13.00
18.00
19.00
11.00
27.00
12.00
9.00
11.00
13.00
15.00
28.00
28.00
16.00
16.00
16.00
13.00
16.00
26.00
18.00
11.00
24.00
15.00
17.00
24.00
12.00
24.00
17.00
24.00
24.00
21.00
23.00
25.00
20.00
32.00
30.00
16.00
29.00
12.00
19.00
24.00
18.00
24.00
25.00
15.00
14.00
13.00
20.00
42.00
10.00
17.00
13.00
8.00
15.00
21.00
22.00
21.00
24.00
20.00
20.00
19.00
19.00
23.00
26.00
21.00
20.00
17.00
21.00
24.00
15.00
20.00
24.00
14.00
15.00
17.00
20.00
23.00
25.00
16.00
23.00
25.00
31.00
17.00
17.00
22.00
15.00
34.00
23.00
25.00
27.00
27.00
24.00
13.00
17.00
24.00
15.00
26.00
19.00
24.00
16.00
25.00
17.00
22.00
27.00
19.00
17.00
20.00
19.00
24.00
14.00
16.00
20.00
16.00
15.00
21.00
22.00
23.00
28.00
33.00
12.00
18.00
25.00
31.00
23.00
23.00
19.00
20.00
19.00
24.00
20.00
23.00
24.00
15.00
21.00
14.00
21.00
29.00
17.00
24.00
16.00
27.00
26.00
23.00
9.00
18.00
25.00
21.00
19.00
39.00
22.00
19.00
14.00
17.00
18.00
16.00
15.00
18.00
24.00
23.00
19.00
20.00
27.00
25.00
27.00
18.00
27.00
16.00
22.00
18.00
20.00
31.00
23.00
18.00
19.00
18.00
30.00
17.00
32.00
26.00
41.00
9.00
28.00
25.00
13.00
10.00
29.00
20.00
22.00
24.00
6.00
12.00
21.00
24.00
27.00
21.00
19.00
13.00
7.00
27.00
25.00
18.00
23.00
19.00
19.00
21.00
32.00
16.00
19.00
32.00
17.00
22.00
24.00
20.00
8.00
27.00
11.00
17.00
24.00
24.00
14.00
23.00
24.00
16.00
