23.00
40.00
20.00
36.00
24.00
24.00
35.00
26.00
28.00
24.00
28.00
41.00
29.00
25.00
34.00
21.00
27.00
18.00
26.00
34.00
26.00
20.00
25.00
16.00
24.00
25.00
36.00
33.00
21.00
28.00
39.00
37.00
33.00
29.00
35.00
23.00
38.00
42.00
24.00
26.00
22.00
31.00
48.00
27.00
60.00
31.00
22.00
23.00
27.00
16.00
25.00
39.00
17.00
25.00
41.00
31.00
33.00
23.00
33.00
26.00
23.00
39.00
22.00
33.00
28.00
27.00
40.00
25.00
38.00
22.00
33.00
34.00
39.00
29.00
29.00
36.00
38.00
32.00
32.00
11.00
23.00
23.00
40.00
27.00
45.00
37.00
24.00
36.00
23.00
26.00
37.00
32.00
36.00
36.00
35.00
34.00
28.00
27.00
40.00
31.00
28.00
29.00
21.00
26.00
27.00
19.00
44.00
34.00
16.00
35.00
42.00
31.00
35.00
19.00
23.00
15.00
23.00
30.00
33.00
31.00
36.00
45.00
28.00
30.00
41.00
39.00
38.00
37.00
26.00
38.00
28.00
28.00
18.00
45.00
22.00
32.00
21.00
32.00
35.00
40.00
41.00
23.00
19.00
30.00
24.00
29.00
34.00
36.00
32.00
29.00
33.00
24.00
31.00
31.00
26.00
27.00
37.00
23.00
31.00
29.00
18.00
24.00
24.00
36.00
28.00
29.00
32.00
25.00
22.00
20.00
29.00
32.00
18.00
29.00
34.00
39.00
38.00
31.00
27.00
25.00
29.00
22.00
30.00
23.00
25.00
26.00
39.00
28.00
26.00
26.00
30.00
22.00
21.00
22.00
31.00
36.00
23.00
20.00
38.00
19.00
28.00
29.00
26.00
27.00
29.00
28.00
43.00
23.00
26.00
29.00
32.00
18.00
30.00
19.00
24.00
56.00
21.00
34.00
25.00
24.00
34.00
17.00
29.00
30.00
39.00
29.00
19.00
37.00
21.00
20.00
27.00
20.00
31.00
26.00
45.00
29.00
29.00
30.00
36.00
41.00
27.00
30.00
29.00
35.00
17.00
23.00
33.00
35.00
33.00
14.00
29.00
30.00
28.00
15.00
28.00
28.00
41.00
35.00
35.00
38.00
31.00
37.00
30.00
28.00
37.00
33.00
27.00
38.00
36.00
36.00
35.00
34.00
30.00
19.00
29.00
23.00
34.00
20.00
27.00
29.00
37.00
31.00
39.00
25.00
29.00
35.00
17.00
30.00
33.00
28.00
30.00
30.00
15.00
40.00
20.00
34.00
27.00
27.00
18.00
24.00
17.00
29.00
31.00
27.00
29.00
34.00
42.00
18.00
32.00
54.00
26.00
20.00
29.00
45.00
24.00
43.00
31.00
35.00
28.00
27.00
28.00
17.00
27.00
28.00
36.00
34.00
31.00
17.00
35.00
25.00
32.00
30.00
27.00
22.00
44.00
26.00
34.00
21.00
22.00
29.00
15.00
34.00
20.00
36.00
40.00
20.00
36.00
30.00
26.00
32.00
32.00
33.00
33.00
27.00
32.00
35.00
36.00
39.00
34.00
23.00
24.00
28.00
21.00
15.00
42.00
29.00
23.00
34.00
26.00
29.00
23.00
31.00
23.00
27.00
28.00
14.00
29.00
31.00
22.00
28.00
28.00
25.00
29.00
21.00
28.00
21.00
38.00
23.00
28.00
37.00
21.00
28.00
32.00
30.00
14.00
21.00
33.00
25.00
38.00
33.00
26.00
21.00
30.00
22.00
25.00
31.00
30.00
26.00
24.00
34.00
28.00
30.00
28.00
33.00
22.00
37.00
32.00
27.00
26.00
39.00
35.00
26.00
22.00
37.00
20.00
29.00
26.00
19.00
25.00
29.00
28.00
21.00
32.00
33.00
36.00
22.00
20.00
37.00
10.00
33.00
52.00
44.00
29.00
40.00
37.00
39.00
34.00
16.00
58.00
34.00
22.00
27.00
40.00
34.00
15.00
38.00
24.00
31.00
27.00
36.00
32.00
31.00
29.00
27.00
32.00
24.00
29.00
33.00
26.00
30.00
22.00
36.00
22.00
44.00
26.00
29.00
31.00
50.00
25.00
32.00
27.00
26.00
28.00
19.00
22.00
30.00
29.00
32.00
33.00
23.00
31.00
28.00
23.00
33.00
29.00
42.00
35.00
28.00
44.00
35.00
20.00
29.00
33.00
34.00
34.00
19.00
31.00
27.00
31.00
24.00
42.00
32.00
27.00
44.00
22.00
17.00
40.00
32.00
26.00
33.00
31.00
35.00
36.00
25.00
25.00
27.00
18.00
35.00
20.00
28.00
45.00
24.00
36.00
31.00
36.00
30.00
18.00
22.00
24.00
28.00
33.00
33.00
15.00
29.00
20.00
30.00
22.00
24.00
33.00
47.00
34.00
18.00
34.00
19.00
38.00
30.00
23.00
30.00
34.00
32.00
28.00
27.00
35.00
28.00
23.00
29.00
24.00
27.00
19.00
28.00
27.00
31.00
32.00
17.00
21.00
54.00
30.00
24.00
27.00
27.00
33.00
23.00
26.00
26.00
30.00
26.00
30.00
21.00
26.00
23.00
28.00
26.00
20.00
26.00
19.00
25.00
27.00
26.00
32.00
41.00
45.00
25.00
46.00
13.00
23.00
27.00
33.00
25.00
24.00
28.00
18.00
24.00
26.00
50.00
27.00
21.00
30.00
34.00
38.00
49.00
26.00
23.00
23.00
20.00
29.00
21.00
22.00
28.00
19.00
21.00
34.00
26.00
35.00
35.00
31.00
34.00
20.00
19.00
31.00
32.00
30.00
24.00
42.00
31.00
33.00
25.00
19.00
32.00
32.00
34.00
29.00
31.00
26.00
21.00
17.00
30.00
29.00
30.00
24.00
26.00
28.00
24.00
40.00
28.00
22.00
30.00
24.00
20.00
27.00
18.00
38.00
30.00
34.00
37.00
25.00
27.00
31.00
21.00
24.00
21.00
41.00
26.00
38.00
29.00
17.00
27.00
29.00
17.00
30.00
34.00
33.00
29.00
27.00
26.00
33.00
26.00
39.00
29.00
33.00
19.00
40.00
33.00
27.00
25.00
33.00
42.00
18.00
36.00
27.00
34.00
27.00
25.00
31.00
22.00
44.00
25.00
28.00
27.00
31.00
19.00
28.00
18.00
31.00
34.00
30.00
32.00
30.00
19.00
28.00
26.00
29.00
30.00
16.00
19.00
24.00
29.00
37.00
32.00
22.00
22.00
39.00
29.00
35.00
34.00
26.00
25.00
31.00
23.00
34.00
31.00
30.00
26.00
13.00
33.00
29.00
17.00
19.00
28.00
25.00
33.00
34.00
30.00
21.00
27.00
34.00
39.00
23.00
43.00
18.00
30.00
28.00
18.00
25.00
28.00
44.00
27.00
34.00
21.00
24.00
28.00
23.00
30.00
23.00
20.00
27.00
25.00
21.00
30.00
25.00
28.00
21.00
22.00
26.00
23.00
30.00
26.00
24.00
29.00
41.00
38.00
