1.00
4.00
42.00
17.00
17.00
38.00
17.00
6.00
14.00
3.00
11.00
15.00
15.00
49.00
17.00
2.00
4.00
4.00
8.00
7.00
20.00
3.00
9.00
16.00
6.00
36.00
38.00
27.00
7.00
15.00
10.00
7.00
12.00
9.00
33.00
6.00
11.00
14.00
9.00
21.00
18.00
22.00
19.00
12.00
6.00
17.00
2.00
27.00
20.00
3.00
18.00
10.00
9.00
13.00
5.00
33.00
92.00
13.00
19.00
11.00
22.00
16.00
9.00
11.00
7.00
30.00
8.00
22.00
27.00
12.00
31.00
45.00
5.00
18.00
23.00
23.00
7.00
3.00
18.00
13.00
11.00
7.00
11.00
41.00
12.00
11.00
16.00
11.00
11.00
30.00
69.00
14.00
16.00
15.00
18.00
9.00
16.00
4.00
11.00
11.00
12.00
17.00
16.00
13.00
14.00
9.00
13.00
11.00
6.00
3.00
19.00
8.00
3.00
6.00
40.00
12.00
3.00
18.00
5.00
8.00
11.00
28.00
13.00
17.00
19.00
14.00
8.00
7.00
16.00
15.00
8.00
21.00
27.00
5.00
9.00
8.00
18.00
12.00
6.00
41.00
2.00
8.00
6.00
4.00
7.00
10.00
11.00
12.00
34.00
13.00
26.00
16.00
8.00
17.00
13.00
12.00
12.00
5.00
9.00
13.00
15.00
8.00
9.00
12.00
6.00
10.00
23.00
30.00
15.00
26.00
12.00
6.00
12.00
49.00
10.00
9.00
33.00
10.00
9.00
8.00
20.00
4.00
11.00
28.00
11.00
8.00
4.00
13.00
7.00
17.00
3.00
10.00
97.00
8.00
7.00
63.00
22.00
9.00
9.00
12.00
8.00
21.00
15.00
65.00
6.00
35.00
8.00
10.00
10.00
9.00
6.00
15.00
9.00
50.00
8.00
14.00
15.00
7.00
10.00
27.00
13.00
9.00
12.00
9.00
8.00
14.00
11.00
15.00
9.00
13.00
16.00
16.00
22.00
11.00
5.00
9.00
16.00
4.00
12.00
51.00
34.00
11.00
7.00
16.00
16.00
13.00
8.00
12.00
19.00
27.00
18.00
8.00
6.00
8.00
11.00
7.00
14.00
8.00
8.00
10.00
11.00
6.00
5.00
7.00
8.00
15.00
21.00
15.00
9.00
10.00
14.00
5.00
9.00
26.00
7.00
6.00
5.00
13.00
67.00
9.00
11.00
18.00
29.00
8.00
8.00
5.00
7.00
10.00
6.00
30.00
9.00
24.00
10.00
16.00
9.00
18.00
28.00
24.00
10.00
51.00
13.00
10.00
16.00
7.00
14.00
27.00
14.00
14.00
9.00
8.00
11.00
32.00
7.00
16.00
4.00
16.00
13.00
4.00
14.00
7.00
5.00
12.00
12.00
10.00
10.00
5.00
19.00
6.00
14.00
6.00
3.00
9.00
9.00
16.00
7.00
17.00
12.00
14.00
54.00
7.00
8.00
7.00
31.00
3.00
9.00
20.00
10.00
15.00
10.00
12.00
13.00
8.00
3.00
15.00
5.00
8.00
8.00
8.00
13.00
10.00
5.00
24.00
7.00
18.00
24.00
8.00
6.00
11.00
9.00
9.00
28.00
6.00
8.00
6.00
9.00
7.00
13.00
19.00
11.00
8.00
12.00
10.00
11.00
8.00
13.00
19.00
13.00
38.00
11.00
31.00
11.00
6.00
8.00
11.00
14.00
7.00
12.00
11.00
22.00
5.00
19.00
10.00
10.00
7.00
23.00
10.00
13.00
22.00
4.00
6.00
60.00
18.00
8.00
8.00
24.00
12.00
10.00
10.00
6.00
8.00
14.00
7.00
39.00
5.00
28.00
20.00
14.00
10.00
19.00
15.00
6.00
18.00
10.00
6.00
9.00
7.00
6.00
6.00
10.00
5.00
5.00
10.00
9.00
9.00
11.00
26.00
14.00
41.00
12.00
15.00
12.00
11.00
12.00
10.00
12.00
16.00
6.00
11.00
5.00
15.00
9.00
9.00
8.00
15.00
12.00
7.00
11.00
4.00
12.00
13.00
7.00
6.00
7.00
9.00
7.00
14.00
6.00
12.00
6.00
17.00
14.00
9.00
36.00
10.00
6.00
17.00
6.00
9.00
10.00
7.00
6.00
5.00
18.00
7.00
3.00
7.00
16.00
15.00
20.00
20.00
10.00
8.00
16.00
9.00
21.00
8.00
8.00
10.00
19.00
8.00
11.00
57.00
7.00
10.00
7.00
20.00
12.00
12.00
4.00
14.00
12.00
15.00
14.00
14.00
4.00
10.00
10.00
10.00
16.00
6.00
7.00
16.00
8.00
5.00
5.00
12.00
2.00
7.00
6.00
7.00
7.00
16.00
18.00
7.00
8.00
23.00
7.00
7.00
14.00
16.00
6.00
9.00
7.00
9.00
10.00
16.00
9.00
7.00
29.00
8.00
11.00
8.00
2.00
9.00
11.00
10.00
11.00
9.00
14.00
4.00
8.00
12.00
16.00
5.00
71.00
6.00
11.00
9.00
11.00
4.00
10.00
8.00
2.00
8.00
10.00
10.00
10.00
4.00
5.00
8.00
6.00
11.00
8.00
7.00
5.00
22.00
6.00
6.00
7.00
8.00
6.00
6.00
16.00
4.00
10.00
4.00
2.00
7.00
3.00
6.00
4.00
13.00
4.00
5.00
9.00
13.00
5.00
6.00
4.00
17.00
10.00
8.00
7.00
3.00
12.00
12.00
4.00
7.00
9.00
27.00
18.00
17.00
8.00
14.00
13.00
12.00
4.00
21.00
5.00
13.00
9.00
6.00
17.00
11.00
15.00
7.00
8.00
12.00
41.00
71.00
17.00
5.00
5.00
12.00
3.00
8.00
9.00
5.00
9.00
8.00
21.00
10.00
9.00
6.00
8.00
11.00
10.00
14.00
5.00
6.00
8.00
22.00
17.00
1.00
6.00
6.00
12.00
11.00
5.00
14.00
7.00
5.00
7.00
8.00
8.00
6.00
50.00
6.00
6.00
3.00
12.00
8.00
5.00
6.00
11.00
7.00
14.00
3.00
9.00
7.00
9.00
6.00
6.00
10.00
34.00
7.00
7.00
7.00
6.00
15.00
16.00
9.00
7.00
36.00
4.00
13.00
7.00
6.00
4.00
10.00
13.00
9.00
19.00
9.00
18.00
5.00
13.00
4.00
12.00
12.00
11.00
8.00
13.00
6.00
8.00
66.00
7.00
7.00
10.00
8.00
10.00
11.00
8.00
5.00
11.00
7.00
16.00
17.00
4.00
6.00
10.00
8.00
8.00
4.00
7.00
3.00
6.00
9.00
5.00
6.00
10.00
6.00
11.00
6.00
13.00
8.00
5.00
16.00
8.00
17.00
6.00
6.00
8.00
5.00
5.00
6.00
4.00
3.00
8.00
11.00
6.00
6.00
8.00
6.00
9.00
10.00
22.00
2.00
7.00
6.00
8.00
13.00
5.00
36.00
6.00
11.00
8.00
7.00
7.00
8.00
