4.00
8.00
10.00
13.00
6.00
10.00
1.00
8.00
7.00
6.00
13.00
3.00
13.00
10.00
6.00
16.00
18.00
14.00
15.00
6.00
20.00
10.00
8.00
8.00
6.00
2.00
7.00
4.00
4.00
24.00
10.00
12.00
10.00
12.00
18.00
13.00
6.00
6.00
7.00
7.00
6.00
7.00
16.00
7.00
32.00
17.00
6.00
6.00
18.00
8.00
11.00
7.00
14.00
12.00
17.00
12.00
5.00
5.00
7.00
10.00
12.00
9.00
4.00
9.00
15.00
8.00
11.00
10.00
54.00
11.00
14.00
14.00
7.00
5.00
7.00
33.00
7.00
13.00
7.00
6.00
71.00
4.00
5.00
8.00
8.00
2.00
13.00
3.00
4.00
6.00
6.00
13.00
3.00
9.00
10.00
8.00
6.00
4.00
5.00
8.00
9.00
6.00
7.00
8.00
10.00
8.00
11.00
15.00
4.00
17.00
8.00
7.00
5.00
7.00
4.00
12.00
7.00
2.00
1.00
10.00
8.00
10.00
13.00
7.00
7.00
20.00
13.00
4.00
13.00
12.00
12.00
8.00
17.00
9.00
26.00
10.00
12.00
10.00
10.00
9.00
23.00
15.00
8.00
5.00
10.00
4.00
10.00
8.00
5.00
10.00
14.00
7.00
10.00
5.00
24.00
10.00
17.00
8.00
19.00
86.00
10.00
9.00
5.00
7.00
6.00
4.00
15.00
15.00
21.00
9.00
11.00
34.00
5.00
12.00
8.00
9.00
5.00
14.00
13.00
3.00
9.00
3.00
4.00
6.00
10.00
5.00
9.00
16.00
8.00
7.00
5.00
4.00
9.00
16.00
5.00
31.00
4.00
12.00
5.00
4.00
10.00
6.00
9.00
13.00
11.00
2.00
7.00
6.00
3.00
10.00
7.00
20.00
5.00
5.00
14.00
4.00
7.00
8.00
5.00
9.00
9.00
14.00
12.00
2.00
9.00
20.00
9.00
20.00
12.00
19.00
17.00
7.00
8.00
12.00
10.00
9.00
6.00
8.00
3.00
12.00
8.00
6.00
4.00
11.00
5.00
7.00
12.00
4.00
10.00
10.00
13.00
10.00
20.00
5.00
8.00
8.00
20.00
13.00
2.00
5.00
25.00
19.00
6.00
13.00
4.00
6.00
9.00
8.00
11.00
10.00
12.00
7.00
4.00
3.00
6.00
4.00
12.00
13.00
5.00
11.00
5.00
7.00
7.00
5.00
5.00
7.00
8.00
16.00
3.00
5.00
8.00
10.00
6.00
5.00
8.00
7.00
15.00
7.00
4.00
23.00
7.00
9.00
12.00
18.00
5.00
12.00
7.00
19.00
5.00
7.00
15.00
8.00
16.00
12.00
5.00
3.00
14.00
8.00
7.00
5.00
6.00
8.00
9.00
7.00
9.00
11.00
10.00
4.00
8.00
6.00
10.00
14.00
8.00
6.00
5.00
8.00
1.00
5.00
5.00
9.00
14.00
19.00
7.00
13.00
2.00
8.00
31.00
13.00
7.00
12.00
6.00
14.00
13.00
8.00
6.00
12.00
8.00
4.00
10.00
9.00
9.00
9.00
3.00
7.00
5.00
14.00
4.00
5.00
9.00
12.00
12.00
6.00
9.00
10.00
8.00
10.00
12.00
11.00
16.00
5.00
11.00
30.00
7.00
5.00
19.00
8.00
5.00
8.00
5.00
3.00
6.00
13.00
3.00
6.00
3.00
7.00
12.00
23.00
10.00
9.00
5.00
12.00
7.00
3.00
6.00
9.00
13.00
10.00
15.00
10.00
4.00
6.00
5.00
10.00
14.00
7.00
7.00
4.00
2.00
8.00
5.00
6.00
6.00
9.00
31.00
3.00
13.00
11.00
3.00
7.00
8.00
6.00
9.00
10.00
10.00
16.00
9.00
22.00
5.00
8.00
7.00
7.00
2.00
6.00
27.00
6.00
8.00
8.00
15.00
3.00
3.00
21.00
6.00
6.00
5.00
31.00
5.00
8.00
7.00
2.00
39.00
6.00
5.00
9.00
5.00
4.00
3.00
6.00
4.00
6.00
8.00
7.00
15.00
3.00
13.00
3.00
7.00
4.00
14.00
9.00
19.00
7.00
6.00
40.00
2.00
7.00
6.00
2.00
8.00
16.00
6.00
4.00
11.00
4.00
3.00
7.00
6.00
7.00
4.00
9.00
2.00
7.00
15.00
4.00
11.00
7.00
12.00
9.00
9.00
5.00
11.00
14.00
7.00
7.00
7.00
4.00
5.00
6.00
5.00
9.00
13.00
6.00
14.00
4.00
5.00
8.00
9.00
3.00
10.00
17.00
9.00
7.00
5.00
14.00
5.00
9.00
4.00
11.00
4.00
8.00
10.00
5.00
8.00
14.00
13.00
6.00
4.00
2.00
6.00
7.00
5.00
8.00
6.00
6.00
18.00
5.00
8.00
9.00
15.00
7.00
6.00
9.00
3.00
4.00
5.00
6.00
15.00
10.00
8.00
3.00
10.00
4.00
4.00
17.00
5.00
3.00
6.00
4.00
6.00
7.00
7.00
7.00
4.00
8.00
12.00
10.00
20.00
26.00
4.00
4.00
10.00
5.00
7.00
9.00
2.00
10.00
3.00
8.00
5.00
5.00
9.00
9.00
7.00
5.00
3.00
15.00
16.00
12.00
9.00
8.00
2.00
5.00
5.00
4.00
2.00
5.00
10.00
4.00
9.00
15.00
7.00
1.00
5.00
7.00
8.00
2.00
8.00
7.00
8.00
3.00
3.00
5.00
8.00
6.00
6.00
6.00
9.00
3.00
9.00
16.00
5.00
5.00
5.00
3.00
14.00
2.00
13.00
7.00
9.00
3.00
4.00
2.00
4.00
7.00
3.00
5.00
12.00
6.00
8.00
8.00
5.00
3.00
2.00
6.00
4.00
41.00
5.00
5.00
2.00
4.00
3.00
10.00
4.00
3.00
5.00
4.00
4.00
7.00
9.00
5.00
8.00
5.00
7.00
6.00
11.00
5.00
7.00
7.00
5.00
11.00
6.00
6.00
3.00
7.00
5.00
7.00
6.00
6.00
6.00
5.00
5.00
6.00
10.00
4.00
10.00
2.00
13.00
4.00
5.00
12.00
8.00
6.00
4.00
4.00
11.00
5.00
1.00
6.00
2.00
3.00
7.00
2.00
5.00
6.00
6.00
4.00
6.00
2.00
3.00
2.00
6.00
1.00
5.00
5.00
3.00
4.00
7.00
5.00
7.00
4.00
5.00
4.00
10.00
6.00
6.00
4.00
9.00
4.00
12.00
10.00
5.00
1.00
4.00
3.00
7.00
3.00
12.00
110.00
9.00
3.00
3.00
5.00
12.00
8.00
9.00
5.00
9.00
4.00
7.00
1.00
7.00
5.00
5.00
3.00
2.00
8.00
9.00
6.00
5.00
12.00
14.00
6.00
4.00
5.00
5.00
3.00
1.00
9.00
10.00
3.00
4.00
10.00
20.00
6.00
7.00
6.00
5.00
13.00
7.00
1.00
