2.00
9.00
19.00
12.00
23.00
9.00
19.00
11.00
20.00
14.00
10.00
5.00
9.00
16.00
17.00
19.00
11.00
13.00
15.00
9.00
15.00
49.00
12.00
14.00
3.00
18.00
14.00
27.00
20.00
13.00
10.00
8.00
14.00
5.00
40.00
11.00
18.00
35.00
63.00
18.00
14.00
16.00
8.00
13.00
16.00
23.00
4.00
30.00
20.00
24.00
8.00
17.00
13.00
7.00
13.00
15.00
10.00
39.00
12.00
15.00
3.00
29.00
13.00
7.00
44.00
15.00
23.00
19.00
18.00
8.00
54.00
19.00
30.00
10.00
29.00
13.00
53.00
10.00
7.00
10.00
8.00
9.00
10.00
27.00
11.00
13.00
20.00
6.00
9.00
11.00
7.00
17.00
8.00
16.00
13.00
15.00
10.00
12.00
5.00
25.00
7.00
10.00
11.00
11.00
8.00
6.00
22.00
12.00
10.00
14.00
26.00
13.00
14.00
13.00
18.00
17.00
20.00
11.00
68.00
24.00
18.00
14.00
10.00
6.00
34.00
25.00
8.00
24.00
13.00
17.00
9.00
16.00
7.00
19.00
14.00
8.00
13.00
12.00
11.00
14.00
15.00
48.00
18.00
20.00
11.00
7.00
12.00
8.00
17.00
44.00
19.00
12.00
21.00
14.00
12.00
16.00
8.00
6.00
11.00
11.00
11.00
14.00
12.00
19.00
18.00
12.00
8.00
13.00
30.00
12.00
17.00
15.00
127.00
30.00
11.00
58.00
19.00
11.00
27.00
59.00
21.00
14.00
8.00
9.00
5.00
8.00
19.00
35.00
11.00
5.00
19.00
10.00
12.00
10.00
7.00
16.00
11.00
16.00
18.00
16.00
8.00
30.00
19.00
9.00
14.00
21.00
13.00
11.00
12.00
12.00
19.00
12.00
8.00
24.00
13.00
9.00
10.00
5.00
8.00
16.00
12.00
12.00
32.00
13.00
12.00
13.00
14.00
19.00
34.00
11.00
17.00
12.00
20.00
17.00
16.00
16.00
15.00
17.00
11.00
11.00
18.00
43.00
9.00
14.00
18.00
19.00
13.00
7.00
16.00
16.00
19.00
22.00
9.00
7.00
10.00
11.00
13.00
11.00
19.00
10.00
31.00
17.00
15.00
12.00
23.00
12.00
14.00
28.00
11.00
26.00
8.00
11.00
7.00
8.00
9.00
15.00
55.00
17.00
24.00
8.00
7.00
13.00
10.00
20.00
8.00
15.00
6.00
11.00
52.00
16.00
20.00
8.00
17.00
14.00
8.00
6.00
9.00
24.00
7.00
11.00
13.00
12.00
11.00
10.00
15.00
30.00
21.00
13.00
13.00
13.00
8.00
52.00
16.00
14.00
17.00
11.00
53.00
11.00
7.00
14.00
8.00
12.00
15.00
9.00
9.00
17.00
12.00
7.00
12.00
19.00
7.00
7.00
6.00
10.00
8.00
19.00
30.00
13.00
10.00
12.00
11.00
16.00
11.00
12.00
14.00
13.00
16.00
33.00
24.00
8.00
11.00
33.00
9.00
16.00
2.00
16.00
12.00
15.00
10.00
19.00
7.00
5.00
9.00
8.00
17.00
32.00
9.00
20.00
8.00
19.00
5.00
14.00
10.00
9.00
9.00
15.00
8.00
16.00
11.00
14.00
17.00
11.00
9.00
21.00
10.00
13.00
18.00
18.00
19.00
4.00
8.00
24.00
6.00
7.00
6.00
9.00
6.00
20.00
6.00
8.00
22.00
10.00
13.00
14.00
27.00
16.00
8.00
9.00
10.00
15.00
8.00
11.00
10.00
17.00
13.00
13.00
7.00
17.00
15.00
7.00
15.00
12.00
13.00
14.00
7.00
5.00
7.00
32.00
6.00
17.00
12.00
17.00
11.00
13.00
24.00
17.00
12.00
10.00
58.00
17.00
17.00
9.00
17.00
10.00
12.00
11.00
11.00
5.00
11.00
19.00
12.00
13.00
10.00
8.00
40.00
15.00
9.00
12.00
17.00
9.00
7.00
7.00
12.00
13.00
11.00
8.00
8.00
30.00
6.00
13.00
5.00
8.00
19.00
11.00
15.00
7.00
8.00
18.00
8.00
14.00
9.00
4.00
17.00
13.00
9.00
8.00
6.00
31.00
11.00
20.00
11.00
14.00
11.00
4.00
12.00
12.00
14.00
18.00
14.00
9.00
8.00
9.00
10.00
16.00
18.00
10.00
13.00
5.00
9.00
6.00
6.00
11.00
15.00
32.00
10.00
10.00
8.00
9.00
5.00
14.00
13.00
13.00
15.00
10.00
32.00
14.00
29.00
18.00
15.00
8.00
5.00
12.00
6.00
11.00
16.00
10.00
21.00
14.00
14.00
6.00
7.00
14.00
13.00
17.00
17.00
11.00
8.00
9.00
8.00
15.00
7.00
29.00
14.00
22.00
12.00
13.00
11.00
12.00
7.00
16.00
10.00
18.00
8.00
32.00
24.00
10.00
7.00
20.00
9.00
23.00
8.00
8.00
11.00
8.00
9.00
34.00
8.00
17.00
16.00
14.00
17.00
12.00
4.00
10.00
6.00
6.00
19.00
4.00
15.00
12.00
16.00
5.00
16.00
10.00
6.00
15.00
18.00
26.00
4.00
9.00
12.00
13.00
18.00
15.00
29.00
10.00
11.00
5.00
3.00
8.00
7.00
6.00
8.00
6.00
11.00
5.00
31.00
30.00
14.00
14.00
14.00
45.00
20.00
21.00
6.00
8.00
9.00
6.00
13.00
11.00
7.00
15.00
7.00
11.00
6.00
11.00
2.00
8.00
5.00
11.00
10.00
17.00
5.00
11.00
7.00
9.00
7.00
21.00
33.00
7.00
17.00
11.00
11.00
7.00
8.00
14.00
17.00
25.00
10.00
10.00
16.00
16.00
6.00
9.00
36.00
3.00
11.00
14.00
7.00
8.00
18.00
8.00
22.00
9.00
17.00
8.00
12.00
8.00
8.00
5.00
10.00
15.00
7.00
6.00
8.00
15.00
11.00
11.00
29.00
8.00
10.00
13.00
8.00
18.00
8.00
10.00
13.00
7.00
32.00
7.00
16.00
9.00
6.00
5.00
15.00
7.00
10.00
2.00
17.00
12.00
9.00
19.00
8.00
9.00
6.00
9.00
4.00
6.00
6.00
12.00
22.00
13.00
9.00
7.00
84.00
14.00
7.00
9.00
15.00
6.00
10.00
6.00
12.00
9.00
6.00
5.00
18.00
4.00
4.00
7.00
11.00
8.00
6.00
19.00
6.00
14.00
13.00
18.00
19.00
17.00
10.00
5.00
3.00
12.00
17.00
4.00
22.00
13.00
4.00
10.00
11.00
8.00
17.00
9.00
6.00
10.00
25.00
7.00
6.00
8.00
24.00
11.00
5.00
9.00
11.00
12.00
6.00
7.00
13.00
8.00
6.00
16.00
4.00
13.00
11.00
14.00
6.00
8.00
4.00
6.00
5.00
14.00
5.00
10.00
11.00
11.00
16.00
6.00
4.00
5.00
