1.00
10.00
9.00
3.00
13.00
9.00
4.00
21.00
8.00
5.00
5.00
28.00
53.00
9.00
6.00
8.00
12.00
3.00
3.00
5.00
19.00
8.00
40.00
8.00
4.00
11.00
10.00
5.00
9.00
7.00
27.00
9.00
16.00
15.00
11.00
14.00
8.00
16.00
4.00
4.00
3.00
10.00
22.00
21.00
12.00
3.00
18.00
6.00
4.00
10.00
6.00
7.00
18.00
8.00
30.00
45.00
7.00
14.00
8.00
8.00
24.00
11.00
7.00
13.00
13.00
5.00
1.00
6.00
10.00
6.00
8.00
5.00
11.00
3.00
9.00
8.00
51.00
8.00
33.00
13.00
4.00
7.00
3.00
10.00
5.00
1.00
8.00
6.00
13.00
13.00
13.00
7.00
12.00
36.00
11.00
7.00
4.00
13.00
8.00
8.00
4.00
12.00
6.00
5.00
30.00
6.00
12.00
17.00
8.00
8.00
6.00
11.00
14.00
16.00
17.00
3.00
6.00
4.00
11.00
12.00
6.00
29.00
10.00
7.00
28.00
9.00
7.00
9.00
6.00
1.00
8.00
7.00
7.00
5.00
9.00
8.00
12.00
8.00
4.00
9.00
6.00
9.00
7.00
11.00
7.00
9.00
11.00
8.00
7.00
17.00
8.00
4.00
4.00
8.00
7.00
6.00
9.00
32.00
22.00
13.00
3.00
9.00
6.00
4.00
9.00
18.00
7.00
6.00
4.00
10.00
3.00
5.00
8.00
11.00
9.00
4.00
9.00
9.00
8.00
8.00
4.00
3.00
16.00
7.00
10.00
12.00
5.00
5.00
6.00
10.00
2.00
11.00
8.00
8.00
34.00
7.00
10.00
10.00
10.00
33.00
9.00
3.00
10.00
5.00
11.00
9.00
4.00
6.00
4.00
45.00
3.00
7.00
1.00
5.00
9.00
5.00
10.00
11.00
9.00
10.00
7.00
8.00
9.00
14.00
8.00
2.00
20.00
16.00
12.00
4.00
36.00
3.00
4.00
8.00
6.00
12.00
6.00
3.00
12.00
3.00
9.00
9.00
8.00
4.00
9.00
5.00
3.00
10.00
10.00
7.00
6.00
5.00
13.00
8.00
7.00
29.00
14.00
18.00
2.00
7.00
7.00
13.00
14.00
18.00
17.00
24.00
3.00
5.00
12.00
4.00
12.00
11.00
10.00
8.00
14.00
11.00
21.00
8.00
8.00
8.00
15.00
19.00
7.00
10.00
9.00
7.00
3.00
6.00
11.00
5.00
9.00
4.00
12.00
7.00
14.00
2.00
7.00
11.00
15.00
9.00
2.00
5.00
5.00
3.00
2.00
2.00
8.00
11.00
13.00
14.00
7.00
7.00
12.00
5.00
29.00
25.00
7.00
8.00
6.00
6.00
10.00
6.00
10.00
8.00
7.00
17.00
8.00
1.00
8.00
8.00
24.00
4.00
6.00
14.00
4.00
4.00
6.00
7.00
8.00
5.00
6.00
8.00
13.00
5.00
21.00
12.00
6.00
4.00
8.00
11.00
6.00
12.00
25.00
13.00
5.00
18.00
11.00
7.00
3.00
14.00
24.00
5.00
4.00
4.00
4.00
5.00
9.00
5.00
10.00
5.00
7.00
10.00
3.00
17.00
7.00
8.00
6.00
4.00
10.00
7.00
6.00
12.00
3.00
6.00
12.00
3.00
16.00
4.00
7.00
8.00
16.00
6.00
6.00
16.00
19.00
4.00
11.00
48.00
10.00
4.00
6.00
30.00
15.00
3.00
10.00
4.00
10.00
3.00
7.00
3.00
11.00
12.00
9.00
7.00
9.00
11.00
15.00
4.00
3.00
10.00
6.00
8.00
7.00
9.00
9.00
34.00
5.00
5.00
3.00
16.00
8.00
6.00
4.00
10.00
5.00
5.00
3.00
5.00
10.00
11.00
4.00
5.00
10.00
32.00
5.00
12.00
6.00
5.00
7.00
7.00
8.00
7.00
13.00
6.00
12.00
6.00
10.00
3.00
7.00
3.00
7.00
10.00
9.00
5.00
5.00
7.00
6.00
9.00
4.00
3.00
7.00
6.00
15.00
4.00
12.00
5.00
4.00
8.00
5.00
4.00
6.00
17.00
11.00
4.00
6.00
9.00
4.00
45.00
11.00
9.00
3.00
7.00
4.00
4.00
9.00
5.00
4.00
18.00
10.00
3.00
5.00
9.00
12.00
6.00
7.00
3.00
3.00
5.00
5.00
18.00
12.00
5.00
36.00
4.00
12.00
3.00
5.00
3.00
6.00
8.00
6.00
10.00
8.00
3.00
3.00
16.00
7.00
5.00
4.00
5.00
5.00
4.00
63.00
3.00
19.00
9.00
6.00
9.00
8.00
52.00
2.00
10.00
4.00
7.00
2.00
3.00
7.00
13.00
4.00
5.00
10.00
7.00
5.00
6.00
2.00
6.00
22.00
7.00
8.00
37.00
6.00
3.00
10.00
11.00
7.00
16.00
14.00
16.00
3.00
13.00
10.00
10.00
8.00
4.00
5.00
12.00
7.00
11.00
6.00
6.00
2.00
12.00
2.00
8.00
5.00
9.00
2.00
5.00
12.00
4.00
5.00
8.00
5.00
6.00
13.00
9.00
5.00
5.00
5.00
5.00
10.00
12.00
4.00
3.00
18.00
3.00
4.00
14.00
16.00
5.00
9.00
11.00
7.00
5.00
3.00
15.00
2.00
8.00
9.00
1.00
9.00
4.00
8.00
4.00
9.00
5.00
10.00
4.00
5.00
10.00
1.00
3.00
5.00
9.00
8.00
13.00
9.00
5.00
17.00
3.00
3.00
8.00
4.00
18.00
7.00
4.00
4.00
3.00
6.00
2.00
5.00
4.00
2.00
4.00
5.00
9.00
14.00
3.00
9.00
10.00
15.00
11.00
2.00
5.00
1.00
3.00
20.00
4.00
3.00
7.00
6.00
7.00
3.00
3.00
9.00
4.00
16.00
6.00
5.00
4.00
6.00
4.00
6.00
5.00
14.00
6.00
4.00
3.00
5.00
5.00
6.00
4.00
3.00
8.00
2.00
7.00
5.00
3.00
7.00
3.00
7.00
1.00
4.00
3.00
2.00
3.00
3.00
13.00
6.00
3.00
4.00
3.00
2.00
3.00
3.00
1.00
26.00
5.00
6.00
5.00
4.00
7.00
5.00
5.00
26.00
3.00
8.00
11.00
2.00
2.00
6.00
7.00
11.00
9.00
7.00
5.00
7.00
11.00
3.00
3.00
2.00
6.00
12.00
3.00
11.00
2.00
23.00
3.00
6.00
5.00
6.00
1.00
4.00
11.00
14.00
2.00
6.00
3.00
4.00
11.00
7.00
15.00
11.00
5.00
3.00
5.00
3.00
17.00
3.00
17.00
3.00
10.00
6.00
2.00
7.00
2.00
7.00
9.00
4.00
22.00
4.00
15.00
2.00
4.00
1.00
11.00
4.00
3.00
8.00
1.00
5.00
4.00
10.00
21.00
6.00
5.00
4.00
5.00
6.00
37.00
