26.00
21.00
8.00
1.00
5.00
9.00
6.00
10.00
2.00
7.00
5.00
15.00
7.00
9.00
8.00
18.00
2.00
11.00
3.00
13.00
5.00
5.00
18.00
5.00
6.00
26.00
3.00
10.00
2.00
30.00
4.00
3.00
7.00
1.00
4.00
11.00
5.00
4.00
9.00
9.00
9.00
7.00
9.00
15.00
13.00
6.00
18.00
1.00
5.00
41.00
11.00
6.00
2.00
20.00
16.00
16.00
4.00
8.00
13.00
1.00
4.00
3.00
6.00
8.00
9.00
1.00
1.00
5.00
17.00
6.00
6.00
6.00
7.00
4.00
8.00
2.00
6.00
3.00
10.00
13.00
12.00
8.00
14.00
11.00
6.00
8.00
9.00
5.00
3.00
5.00
5.00
3.00
15.00
5.00
7.00
7.00
8.00
4.00
5.00
8.00
9.00
19.00
3.00
3.00
10.00
4.00
3.00
4.00
12.00
4.00
4.00
5.00
5.00
3.00
29.00
3.00
8.00
6.00
8.00
3.00
7.00
12.00
3.00
4.00
4.00
5.00
11.00
12.00
10.00
3.00
12.00
12.00
5.00
18.00
4.00
4.00
5.00
6.00
2.00
17.00
7.00
3.00
4.00
9.00
5.00
8.00
3.00
26.00
26.00
9.00
11.00
7.00
3.00
3.00
5.00
11.00
4.00
10.00
12.00
4.00
7.00
6.00
18.00
5.00
8.00
4.00
7.00
11.00
12.00
5.00
7.00
26.00
7.00
5.00
3.00
10.00
5.00
5.00
3.00
5.00
7.00
3.00
2.00
4.00
3.00
8.00
9.00
6.00
10.00
10.00
7.00
7.00
3.00
7.00
2.00
5.00
7.00
4.00
5.00
4.00
4.00
9.00
7.00
17.00
6.00
5.00
3.00
23.00
8.00
4.00
3.00
8.00
13.00
7.00
7.00
3.00
7.00
4.00
6.00
4.00
4.00
5.00
6.00
4.00
3.00
8.00
4.00
8.00
6.00
5.00
14.00
8.00
4.00
2.00
3.00
3.00
8.00
3.00
4.00
5.00
4.00
54.00
19.00
7.00
19.00
4.00
7.00
5.00
9.00
5.00
7.00
7.00
17.00
10.00
9.00
11.00
8.00
7.00
7.00
5.00
4.00
5.00
5.00
1.00
7.00
41.00
4.00
8.00
6.00
4.00
3.00
2.00
6.00
16.00
1.00
15.00
3.00
3.00
2.00
3.00
4.00
8.00
18.00
4.00
6.00
44.00
5.00
1.00
6.00
1.00
3.00
8.00
16.00
8.00
9.00
4.00
2.00
6.00
4.00
10.00
3.00
12.00
6.00
5.00
6.00
2.00
7.00
8.00
7.00
4.00
3.00
3.00
5.00
7.00
7.00
7.00
7.00
5.00
6.00
8.00
2.00
8.00
3.00
8.00
6.00
9.00
4.00
4.00
11.00
6.00
9.00
6.00
3.00
7.00
6.00
2.00
4.00
11.00
6.00
7.00
9.00
3.00
2.00
4.00
8.00
11.00
3.00
4.00
3.00
7.00
5.00
3.00
1.00
6.00
59.00
4.00
6.00
2.00
8.00
8.00
3.00
4.00
5.00
4.00
16.00
2.00
5.00
5.00
2.00
6.00
5.00
9.00
4.00
6.00
3.00
8.00
6.00
2.00
2.00
3.00
5.00
5.00
2.00
6.00
3.00
5.00
3.00
17.00
7.00
2.00
3.00
3.00
8.00
3.00
3.00
5.00
5.00
2.00
4.00
8.00
2.00
6.00
5.00
4.00
2.00
7.00
51.00
4.00
3.00
7.00
6.00
2.00
4.00
6.00
9.00
7.00
2.00
5.00
7.00
7.00
4.00
5.00
8.00
7.00
4.00
2.00
5.00
7.00
2.00
2.00
7.00
4.00
2.00
3.00
8.00
5.00
2.00
7.00
6.00
2.00
1.00
7.00
5.00
4.00
2.00
2.00
3.00
7.00
3.00
7.00
23.00
11.00
2.00
4.00
3.00
2.00
5.00
20.00
4.00
9.00
2.00
3.00
3.00
3.00
5.00
3.00
2.00
2.00
4.00
4.00
2.00
7.00
2.00
5.00
5.00
1.00
5.00
2.00
2.00
6.00
13.00
3.00
33.00
6.00
7.00
2.00
1.00
5.00
5.00
2.00
6.00
8.00
10.00
3.00
2.00
3.00
5.00
2.00
11.00
3.00
1.00
5.00
3.00
8.00
3.00
9.00
5.00
3.00
7.00
4.00
6.00
2.00
4.00
4.00
1.00
5.00
8.00
3.00
5.00
4.00
2.00
2.00
4.00
2.00
1.00
5.00
5.00
4.00
16.00
3.00
4.00
33.00
6.00
11.00
2.00
10.00
3.00
16.00
3.00
2.00
2.00
2.00
5.00
7.00
2.00
3.00
1.00
4.00
10.00
4.00
13.00
4.00
10.00
4.00
5.00
5.00
1.00
8.00
4.00
3.00
4.00
9.00
8.00
7.00
1.00
2.00
6.00
3.00
4.00
8.00
4.00
1.00
1.00
2.00
2.00
2.00
4.00
2.00
4.00
2.00
5.00
3.00
1.00
11.00
4.00
1.00
2.00
8.00
4.00
6.00
4.00
1.00
3.00
5.00
2.00
5.00
8.00
2.00
2.00
1.00
2.00
3.00
3.00
5.00
2.00
2.00
4.00
3.00
7.00
2.00
1.00
2.00
2.00
1.00
4.00
2.00
28.00
4.00
2.00
6.00
27.00
5.00
2.00
3.00
6.00
12.00
7.00
4.00
4.00
2.00
3.00
3.00
2.00
4.00
21.00
4.00
8.00
3.00
4.00
4.00
1.00
1.00
5.00
17.00
7.00
2.00
8.00
5.00
3.00
6.00
1.00
2.00
3.00
6.00
23.00
13.00
4.00
2.00
5.00
5.00
10.00
4.00
10.00
3.00
3.00
7.00
6.00
4.00
5.00
3.00
3.00
4.00
4.00
2.00
2.00
2.00
1.00
5.00
9.00
6.00
2.00
4.00
5.00
3.00
7.00
3.00
6.00
5.00
3.00
2.00
3.00
3.00
3.00
2.00
5.00
4.00
6.00
1.00
7.00
11.00
1.00
1.00
5.00
8.00
3.00
4.00
1.00
6.00
1.00
4.00
6.00
2.00
8.00
15.00
2.00
6.00
2.00
1.00
4.00
2.00
4.00
6.00
2.00
9.00
1.00
4.00
4.00
3.00
2.00
8.00
2.00
3.00
2.00
6.00
4.00
1.00
7.00
2.00
4.00
5.00
3.00
6.00
2.00
7.00
5.00
5.00
6.00
3.00
1.00
2.00
3.00
3.00
2.00
6.00
2.00
2.00
2.00
6.00
2.00
14.00
3.00
2.00
8.00
4.00
2.00
5.00
14.00
3.00
3.00
3.00
1.00
4.00
2.00
3.00
1.00
6.00
5.00
19.00
6.00
1.00
2.00
2.00
1.00
4.00
3.00
1.00
1.00
2.00
1.00
3.00
3.00
3.00
1.00
3.00
2.00
2.00
1.00
3.00
1.00
5.00
