9.00
4.00
4.00
12.00
11.00
10.00
13.00
10.00
10.00
11.00
11.00
6.00
10.00
11.00
7.00
32.00
11.00
1.00
7.00
3.00
5.00
22.00
8.00
8.00
18.00
6.00
17.00
8.00
8.00
13.00
15.00
23.00
9.00
11.00
6.00
15.00
10.00
7.00
10.00
21.00
10.00
3.00
38.00
23.00
4.00
8.00
21.00
3.00
10.00
21.00
6.00
17.00
13.00
23.00
4.00
21.00
8.00
8.00
5.00
33.00
10.00
4.00
11.00
19.00
16.00
15.00
2.00
11.00
9.00
5.00
5.00
17.00
6.00
7.00
8.00
8.00
21.00
6.00
16.00
11.00
7.00
16.00
30.00
1.00
12.00
6.00
6.00
9.00
32.00
16.00
11.00
10.00
10.00
7.00
16.00
22.00
11.00
7.00
9.00
11.00
11.00
11.00
8.00
13.00
8.00
11.00
4.00
8.00
9.00
15.00
9.00
3.00
8.00
20.00
20.00
11.00
17.00
5.00
10.00
22.00
5.00
25.00
10.00
39.00
21.00
34.00
6.00
15.00
14.00
6.00
16.00
50.00
8.00
21.00
18.00
5.00
4.00
7.00
7.00
12.00
11.00
15.00
6.00
10.00
8.00
11.00
16.00
9.00
9.00
10.00
9.00
15.00
13.00
14.00
11.00
10.00
9.00
6.00
15.00
11.00
7.00
10.00
9.00
6.00
16.00
7.00
7.00
5.00
13.00
8.00
11.00
14.00
26.00
5.00
28.00
8.00
14.00
4.00
9.00
7.00
5.00
13.00
20.00
7.00
9.00
4.00
6.00
12.00
11.00
16.00
11.00
19.00
11.00
13.00
8.00
6.00
9.00
25.00
32.00
8.00
9.00
22.00
9.00
7.00
8.00
16.00
10.00
11.00
35.00
2.00
13.00
12.00
4.00
8.00
12.00
22.00
12.00
7.00
8.00
6.00
9.00
11.00
18.00
18.00
23.00
1.00
10.00
5.00
13.00
10.00
15.00
13.00
25.00
15.00
3.00
11.00
16.00
3.00
4.00
22.00
9.00
9.00
10.00
14.00
15.00
17.00
12.00
25.00
10.00
10.00
32.00
11.00
9.00
38.00
4.00
7.00
10.00
13.00
8.00
19.00
19.00
7.00
10.00
4.00
13.00
5.00
6.00
21.00
35.00
9.00
8.00
14.00
14.00
8.00
9.00
6.00
11.00
12.00
5.00
5.00
21.00
5.00
9.00
11.00
10.00
7.00
21.00
7.00
7.00
17.00
11.00
4.00
9.00
6.00
9.00
13.00
15.00
9.00
7.00
16.00
11.00
13.00
5.00
8.00
28.00
16.00
12.00
7.00
8.00
6.00
12.00
12.00
9.00
15.00
14.00
8.00
5.00
13.00
20.00
5.00
14.00
13.00
12.00
9.00
8.00
9.00
9.00
8.00
12.00
9.00
11.00
13.00
11.00
10.00
9.00
7.00
11.00
17.00
6.00
10.00
17.00
6.00
4.00
14.00
11.00
6.00
10.00
13.00
7.00
9.00
9.00
6.00
10.00
9.00
8.00
30.00
8.00
8.00
7.00
13.00
12.00
10.00
25.00
12.00
12.00
8.00
10.00
5.00
9.00
13.00
17.00
13.00
7.00
4.00
7.00
4.00
5.00
6.00
16.00
10.00
16.00
13.00
12.00
11.00
4.00
9.00
6.00
15.00
6.00
15.00
4.00
12.00
20.00
7.00
14.00
10.00
9.00
13.00
13.00
16.00
28.00
8.00
17.00
5.00
10.00
9.00
8.00
16.00
8.00
11.00
9.00
5.00
8.00
4.00
10.00
13.00
7.00
15.00
30.00
9.00
13.00
16.00
5.00
10.00
8.00
11.00
11.00
11.00
9.00
9.00
5.00
2.00
10.00
9.00
9.00
17.00
18.00
8.00
3.00
9.00
12.00
11.00
7.00
4.00
10.00
9.00
7.00
14.00
13.00
6.00
10.00
7.00
11.00
6.00
13.00
3.00
7.00
7.00
3.00
7.00
6.00
7.00
5.00
3.00
8.00
16.00
12.00
5.00
9.00
8.00
12.00
11.00
5.00
31.00
31.00
27.00
17.00
13.00
6.00
8.00
9.00
6.00
10.00
11.00
11.00
9.00
11.00
5.00
9.00
7.00
17.00
6.00
7.00
12.00
9.00
8.00
11.00
21.00
11.00
21.00
12.00
42.00
8.00
21.00
17.00
8.00
12.00
8.00
9.00
17.00
2.00
14.00
6.00
9.00
8.00
9.00
12.00
5.00
8.00
11.00
11.00
10.00
8.00
8.00
4.00
13.00
11.00
9.00
10.00
9.00
3.00
17.00
3.00
9.00
13.00
7.00
19.00
4.00
6.00
13.00
23.00
9.00
5.00
4.00
13.00
5.00
16.00
10.00
20.00
8.00
9.00
12.00
20.00
11.00
7.00
8.00
5.00
5.00
3.00
2.00
16.00
8.00
7.00
3.00
9.00
7.00
32.00
17.00
15.00
6.00
10.00
10.00
16.00
8.00
5.00
31.00
6.00
6.00
3.00
9.00
11.00
7.00
4.00
20.00
12.00
19.00
6.00
12.00
13.00
24.00
8.00
6.00
10.00
13.00
6.00
15.00
6.00
16.00
4.00
5.00
13.00
21.00
14.00
10.00
3.00
8.00
12.00
6.00
8.00
8.00
9.00
16.00
4.00
15.00
10.00
7.00
10.00
10.00
7.00
11.00
13.00
6.00
3.00
5.00
6.00
3.00
11.00
13.00
8.00
8.00
8.00
12.00
5.00
5.00
14.00
7.00
5.00
8.00
8.00
5.00
17.00
9.00
10.00
11.00
14.00
9.00
7.00
10.00
13.00
6.00
3.00
5.00
7.00
12.00
13.00
13.00
12.00
11.00
5.00
7.00
5.00
2.00
12.00
12.00
2.00
7.00
5.00
2.00
5.00
5.00
5.00
8.00
8.00
2.00
6.00
3.00
3.00
8.00
7.00
3.00
1.00
18.00
8.00
6.00
4.00
7.00
3.00
9.00
9.00
5.00
9.00
7.00
8.00
12.00
3.00
13.00
6.00
8.00
5.00
11.00
3.00
7.00
7.00
12.00
4.00
9.00
13.00
17.00
10.00
7.00
2.00
3.00
7.00
3.00
17.00
6.00
8.00
12.00
5.00
12.00
10.00
3.00
8.00
10.00
19.00
3.00
9.00
5.00
7.00
5.00
8.00
10.00
15.00
7.00
12.00
6.00
10.00
4.00
8.00
17.00
4.00
2.00
5.00
3.00
2.00
10.00
12.00
9.00
15.00
1.00
8.00
17.00
2.00
9.00
5.00
9.00
12.00
11.00
5.00
5.00
13.00
9.00
4.00
11.00
5.00
17.00
5.00
3.00
9.00
3.00
8.00
13.00
3.00
22.00
5.00
16.00
2.00
8.00
16.00
14.00
14.00
4.00
14.00
14.00
25.00
10.00
6.00
7.00
4.00
11.00
32.00
5.00
10.00
7.00
3.00
10.00
6.00
12.00
8.00
6.00
