15.00
15.00
11.00
20.00
4.00
21.00
12.00
15.00
17.00
28.00
8.00
32.00
19.00
13.00
34.00
13.00
25.00
16.00
13.00
14.00
12.00
18.00
19.00
19.00
60.00
17.00
11.00
15.00
10.00
17.00
25.00
22.00
20.00
2.00
18.00
24.00
11.00
17.00
22.00
17.00
14.00
17.00
11.00
17.00
12.00
20.00
17.00
17.00
7.00
14.00
16.00
7.00
18.00
13.00
7.00
16.00
12.00
11.00
9.00
9.00
11.00
15.00
13.00
8.00
19.00
25.00
10.00
27.00
51.00
14.00
9.00
40.00
27.00
11.00
18.00
14.00
14.00
12.00
17.00
12.00
11.00
11.00
18.00
11.00
12.00
11.00
15.00
17.00
14.00
16.00
10.00
13.00
11.00
13.00
10.00
27.00
12.00
11.00
8.00
8.00
33.00
10.00
14.00
25.00
12.00
25.00
42.00
19.00
19.00
13.00
17.00
15.00
28.00
14.00
24.00
25.00
27.00
16.00
21.00
14.00
17.00
19.00
18.00
17.00
16.00
49.00
13.00
11.00
3.00
18.00
21.00
19.00
9.00
27.00
12.00
26.00
18.00
10.00
17.00
15.00
7.00
13.00
15.00
11.00
11.00
11.00
13.00
7.00
24.00
11.00
19.00
18.00
22.00
9.00
8.00
10.00
18.00
25.00
18.00
13.00
18.00
10.00
13.00
14.00
13.00
17.00
16.00
18.00
22.00
18.00
15.00
17.00
4.00
16.00
15.00
9.00
9.00
12.00
21.00
9.00
9.00
25.00
7.00
10.00
6.00
11.00
12.00
9.00
12.00
21.00
52.00
11.00
14.00
15.00
21.00
13.00
15.00
13.00
17.00
13.00
65.00
11.00
12.00
21.00
19.00
7.00
10.00
15.00
12.00
15.00
37.00
17.00
10.00
24.00
13.00
17.00
14.00
8.00
14.00
10.00
8.00
42.00
18.00
11.00
17.00
9.00
8.00
19.00
10.00
34.00
14.00
14.00
19.00
17.00
18.00
18.00
4.00
2.00
23.00
27.00
18.00
15.00
9.00
12.00
33.00
4.00
12.00
20.00
14.00
15.00
9.00
10.00
8.00
12.00
16.00
9.00
9.00
13.00
11.00
18.00
16.00
17.00
12.00
16.00
7.00
12.00
19.00
14.00
16.00
5.00
5.00
24.00
13.00
19.00
25.00
15.00
7.00
10.00
14.00
30.00
13.00
14.00
12.00
12.00
10.00
6.00
12.00
16.00
22.00
19.00
9.00
13.00
20.00
14.00
21.00
17.00
10.00
6.00
16.00
19.00
9.00
21.00
11.00
16.00
20.00
9.00
9.00
10.00
8.00
12.00
12.00
30.00
14.00
17.00
6.00
18.00
14.00
11.00
25.00
13.00
10.00
14.00
13.00
17.00
6.00
16.00
16.00
22.00
16.00
6.00
8.00
8.00
11.00
10.00
10.00
12.00
17.00
30.00
36.00
13.00
6.00
15.00
16.00
26.00
13.00
7.00
10.00
6.00
25.00
14.00
14.00
16.00
10.00
8.00
20.00
9.00
19.00
17.00
7.00
9.00
16.00
16.00
12.00
20.00
16.00
17.00
11.00
15.00
24.00
18.00
12.00
9.00
17.00
17.00
14.00
24.00
14.00
10.00
24.00
8.00
10.00
12.00
7.00
10.00
16.00
8.00
17.00
10.00
19.00
15.00
10.00
13.00
16.00
22.00
19.00
15.00
15.00
6.00
17.00
9.00
5.00
9.00
13.00
11.00
14.00
22.00
9.00
15.00
12.00
26.00
40.00
11.00
16.00
13.00
38.00
18.00
13.00
9.00
12.00
23.00
16.00
25.00
17.00
14.00
28.00
6.00
90.00
8.00
12.00
16.00
13.00
27.00
13.00
11.00
10.00
14.00
14.00
14.00
7.00
15.00
14.00
6.00
22.00
6.00
8.00
6.00
4.00
14.00
9.00
21.00
17.00
13.00
6.00
30.00
5.00
16.00
10.00
28.00
15.00
3.00
12.00
6.00
13.00
19.00
14.00
14.00
18.00
14.00
10.00
12.00
18.00
13.00
14.00
14.00
11.00
9.00
18.00
17.00
15.00
17.00
19.00
17.00
37.00
14.00
12.00
9.00
13.00
18.00
11.00
23.00
9.00
17.00
13.00
15.00
11.00
5.00
5.00
4.00
11.00
7.00
12.00
11.00
4.00
10.00
11.00
20.00
16.00
12.00
9.00
10.00
17.00
6.00
28.00
20.00
13.00
20.00
16.00
14.00
15.00
12.00
10.00
10.00
48.00
13.00
19.00
15.00
10.00
11.00
22.00
15.00
43.00
13.00
15.00
7.00
26.00
22.00
53.00
6.00
18.00
19.00
16.00
8.00
20.00
6.00
10.00
12.00
6.00
9.00
16.00
13.00
17.00
17.00
9.00
13.00
7.00
13.00
9.00
10.00
9.00
14.00
12.00
9.00
20.00
15.00
7.00
16.00
7.00
7.00
11.00
11.00
9.00
9.00
14.00
15.00
20.00
10.00
17.00
20.00
15.00
10.00
15.00
9.00
52.00
12.00
9.00
9.00
46.00
7.00
15.00
5.00
16.00
17.00
18.00
15.00
14.00
23.00
6.00
22.00
9.00
18.00
6.00
15.00
21.00
5.00
13.00
10.00
9.00
17.00
9.00
5.00
21.00
5.00
15.00
13.00
12.00
11.00
12.00
18.00
8.00
21.00
9.00
10.00
10.00
11.00
19.00
21.00
11.00
8.00
13.00
4.00
15.00
13.00
6.00
10.00
13.00
6.00
15.00
18.00
8.00
11.00
13.00
12.00
22.00
19.00
16.00
8.00
12.00
16.00
17.00
8.00
30.00
14.00
4.00
15.00
13.00
9.00
8.00
7.00
12.00
18.00
8.00
9.00
13.00
10.00
27.00
5.00
10.00
13.00
6.00
9.00
10.00
10.00
8.00
9.00
9.00
12.00
10.00
11.00
21.00
8.00
5.00
27.00
24.00
15.00
10.00
10.00
13.00
9.00
9.00
20.00
15.00
23.00
36.00
13.00
7.00
18.00
9.00
6.00
13.00
14.00
13.00
22.00
8.00
7.00
8.00
10.00
15.00
12.00
7.00
8.00
11.00
3.00
19.00
14.00
9.00
10.00
9.00
21.00
5.00
34.00
14.00
8.00
21.00
12.00
5.00
15.00
12.00
18.00
7.00
9.00
5.00
6.00
11.00
17.00
17.00
13.00
19.00
12.00
16.00
18.00
15.00
13.00
20.00
14.00
12.00
8.00
12.00
7.00
16.00
16.00
12.00
10.00
4.00
2.00
7.00
10.00
11.00
18.00
19.00
15.00
8.00
18.00
15.00
9.00
12.00
7.00
13.00
12.00
10.00
9.00
11.00
13.00
18.00
8.00
16.00
31.00
8.00
7.00
11.00
10.00
4.00
3.00
9.00
10.00
18.00
12.00
11.00
6.00
15.00
11.00
22.00
9.00
13.00
11.00
23.00
7.00
22.00
17.00
17.00
33.00
