9.00
22.00
21.00
14.00
23.00
10.00
39.00
16.00
26.00
42.00
9.00
136.00
8.00
10.00
17.00
4.00
28.00
17.00
3.00
9.00
15.00
20.00
15.00
10.00
15.00
15.00
26.00
17.00
17.00
14.00
3.00
15.00
11.00
32.00
10.00
12.00
22.00
20.00
25.00
15.00
20.00
17.00
13.00
9.00
14.00
9.00
9.00
38.00
13.00
4.00
5.00
13.00
9.00
4.00
8.00
15.00
28.00
36.00
12.00
20.00
13.00
56.00
11.00
16.00
20.00
13.00
11.00
21.00
16.00
22.00
10.00
16.00
10.00
9.00
9.00
16.00
6.00
19.00
4.00
15.00
23.00
12.00
43.00
15.00
3.00
15.00
18.00
18.00
20.00
22.00
38.00
8.00
11.00
19.00
43.00
6.00
68.00
8.00
10.00
3.00
11.00
16.00
10.00
5.00
22.00
17.00
11.00
15.00
10.00
25.00
12.00
18.00
7.00
11.00
8.00
21.00
26.00
17.00
21.00
14.00
25.00
17.00
19.00
22.00
16.00
14.00
20.00
14.00
21.00
9.00
11.00
12.00
23.00
19.00
11.00
18.00
13.00
10.00
10.00
16.00
19.00
15.00
15.00
13.00
20.00
6.00
17.00
23.00
17.00
12.00
13.00
13.00
22.00
14.00
15.00
13.00
12.00
10.00
42.00
19.00
12.00
11.00
22.00
9.00
18.00
14.00
10.00
12.00
15.00
8.00
16.00
13.00
6.00
18.00
19.00
12.00
11.00
12.00
15.00
14.00
13.00
10.00
8.00
10.00
6.00
14.00
10.00
17.00
8.00
9.00
12.00
9.00
9.00
14.00
9.00
7.00
12.00
14.00
23.00
21.00
6.00
56.00
23.00
17.00
17.00
10.00
9.00
10.00
18.00
5.00
9.00
6.00
21.00
17.00
6.00
33.00
10.00
8.00
19.00
8.00
17.00
17.00
13.00
14.00
39.00
14.00
9.00
30.00
16.00
22.00
17.00
64.00
15.00
17.00
14.00
12.00
15.00
15.00
11.00
48.00
8.00
17.00
13.00
7.00
6.00
13.00
29.00
14.00
10.00
17.00
29.00
9.00
10.00
14.00
12.00
11.00
12.00
17.00
17.00
9.00
16.00
6.00
9.00
21.00
18.00
12.00
18.00
11.00
2.00
23.00
13.00
12.00
19.00
15.00
15.00
21.00
8.00
8.00
9.00
16.00
3.00
8.00
15.00
16.00
9.00
8.00
7.00
6.00
10.00
18.00
7.00
13.00
13.00
14.00
39.00
7.00
9.00
13.00
2.00
19.00
13.00
5.00
4.00
4.00
10.00
11.00
16.00
55.00
36.00
40.00
8.00
13.00
11.00
7.00
4.00
6.00
12.00
19.00
12.00
6.00
12.00
8.00
7.00
16.00
6.00
21.00
18.00
18.00
13.00
11.00
8.00
11.00
8.00
11.00
11.00
7.00
8.00
10.00
14.00
18.00
3.00
6.00
8.00
25.00
34.00
6.00
5.00
10.00
26.00
5.00
22.00
4.00
8.00
6.00
11.00
11.00
15.00
13.00
47.00
51.00
9.00
28.00
6.00
16.00
18.00
9.00
12.00
8.00
8.00
15.00
10.00
11.00
11.00
8.00
12.00
9.00
4.00
15.00
20.00
9.00
56.00
11.00
35.00
18.00
16.00
40.00
15.00
9.00
12.00
9.00
9.00
22.00
11.00
2.00
13.00
13.00
12.00
36.00
9.00
16.00
16.00
19.00
10.00
8.00
16.00
8.00
8.00
9.00
2.00
16.00
10.00
11.00
12.00
7.00
52.00
34.00
15.00
8.00
14.00
8.00
10.00
15.00
26.00
10.00
16.00
31.00
8.00
38.00
13.00
11.00
5.00
14.00
54.00
11.00
11.00
9.00
10.00
10.00
10.00
10.00
23.00
17.00
17.00
16.00
8.00
6.00
11.00
23.00
6.00
14.00
22.00
5.00
3.00
30.00
30.00
7.00
10.00
20.00
10.00
10.00
7.00
2.00
17.00
16.00
26.00
7.00
26.00
10.00
12.00
18.00
25.00
12.00
11.00
10.00
8.00
5.00
20.00
4.00
23.00
17.00
6.00
12.00
10.00
19.00
15.00
4.00
6.00
3.00
4.00
23.00
6.00
12.00
15.00
10.00
5.00
11.00
14.00
32.00
12.00
7.00
7.00
10.00
9.00
6.00
21.00
12.00
16.00
6.00
8.00
12.00
15.00
20.00
4.00
13.00
13.00
7.00
14.00
11.00
62.00
5.00
10.00
7.00
9.00
5.00
8.00
2.00
23.00
7.00
17.00
10.00
34.00
10.00
13.00
13.00
10.00
12.00
14.00
12.00
9.00
2.00
11.00
9.00
14.00
27.00
9.00
13.00
15.00
23.00
5.00
8.00
7.00
9.00
4.00
9.00
3.00
7.00
8.00
17.00
8.00
8.00
7.00
4.00
6.00
25.00
36.00
5.00
11.00
14.00
13.00
25.00
41.00
19.00
7.00
19.00
20.00
10.00
22.00
9.00
13.00
12.00
4.00
15.00
4.00
22.00
14.00
11.00
12.00
17.00
9.00
10.00
5.00
10.00
8.00
8.00
13.00
10.00
8.00
7.00
11.00
3.00
10.00
13.00
5.00
42.00
19.00
15.00
12.00
25.00
14.00
7.00
16.00
7.00
14.00
12.00
21.00
4.00
10.00
24.00
13.00
7.00
2.00
5.00
13.00
1.00
14.00
7.00
7.00
9.00
32.00
8.00
12.00
16.00
14.00
10.00
6.00
8.00
6.00
13.00
13.00
12.00
9.00
13.00
17.00
38.00
10.00
9.00
18.00
8.00
13.00
13.00
9.00
11.00
9.00
13.00
13.00
7.00
8.00
4.00
25.00
9.00
17.00
13.00
10.00
8.00
6.00
7.00
10.00
16.00
8.00
9.00
10.00
13.00
7.00
14.00
18.00
9.00
19.00
10.00
6.00
13.00
13.00
11.00
19.00
8.00
10.00
5.00
10.00
16.00
13.00
6.00
17.00
19.00
17.00
9.00
8.00
12.00
21.00
3.00
10.00
12.00
18.00
15.00
15.00
16.00
6.00
5.00
14.00
10.00
11.00
8.00
10.00
7.00
11.00
4.00
14.00
14.00
6.00
3.00
12.00
14.00
16.00
12.00
10.00
9.00
13.00
8.00
29.00
10.00
8.00
17.00
8.00
6.00
12.00
17.00
7.00
10.00
12.00
8.00
10.00
11.00
9.00
16.00
11.00
12.00
10.00
13.00
7.00
9.00
10.00
9.00
8.00
10.00
3.00
12.00
8.00
17.00
6.00
10.00
10.00
11.00
11.00
18.00
5.00
16.00
4.00
9.00
4.00
11.00
7.00
8.00
33.00
3.00
4.00
16.00
17.00
13.00
13.00
11.00
6.00
17.00
11.00
11.00
10.00
9.00
11.00
10.00
19.00
4.00
8.00
9.00
5.00
6.00
18.00
7.00
10.00
7.00
8.00
11.00
3.00
8.00
