3.00
8.00
8.00
11.00
27.00
20.00
10.00
19.00
17.00
12.00
7.00
10.00
11.00
14.00
12.00
17.00
14.00
34.00
11.00
3.00
11.00
15.00
13.00
23.00
10.00
18.00
12.00
10.00
14.00
17.00
32.00
14.00
18.00
14.00
30.00
14.00
13.00
15.00
18.00
21.00
15.00
10.00
15.00
16.00
31.00
20.00
10.00
24.00
8.00
3.00
7.00
12.00
14.00
22.00
11.00
21.00
13.00
8.00
13.00
8.00
16.00
22.00
8.00
21.00
18.00
14.00
9.00
6.00
11.00
15.00
27.00
57.00
10.00
15.00
11.00
14.00
8.00
25.00
19.00
21.00
12.00
12.00
13.00
4.00
17.00
32.00
13.00
14.00
17.00
13.00
14.00
14.00
29.00
16.00
22.00
12.00
7.00
21.00
49.00
10.00
17.00
26.00
13.00
17.00
21.00
24.00
9.00
10.00
9.00
9.00
22.00
8.00
21.00
15.00
17.00
28.00
7.00
4.00
15.00
8.00
15.00
18.00
7.00
15.00
12.00
4.00
9.00
9.00
50.00
7.00
16.00
11.00
26.00
11.00
43.00
27.00
17.00
4.00
6.00
11.00
12.00
5.00
11.00
11.00
26.00
7.00
12.00
14.00
8.00
14.00
17.00
16.00
11.00
11.00
14.00
31.00
9.00
9.00
10.00
18.00
12.00
10.00
36.00
15.00
5.00
12.00
10.00
19.00
9.00
17.00
8.00
11.00
17.00
16.00
29.00
6.00
21.00
16.00
31.00
10.00
9.00
10.00
10.00
15.00
19.00
9.00
10.00
8.00
12.00
13.00
10.00
20.00
5.00
13.00
12.00
15.00
11.00
19.00
15.00
12.00
15.00
11.00
13.00
4.00
19.00
10.00
34.00
21.00
13.00
11.00
4.00
14.00
10.00
7.00
22.00
22.00
13.00
10.00
8.00
17.00
18.00
30.00
9.00
14.00
97.00
14.00
10.00
13.00
51.00
16.00
6.00
12.00
40.00
26.00
15.00
11.00
11.00
13.00
6.00
10.00
9.00
17.00
11.00
12.00
29.00
30.00
16.00
5.00
7.00
10.00
28.00
20.00
10.00
12.00
8.00
9.00
8.00
20.00
6.00
2.00
10.00
17.00
10.00
11.00
17.00
18.00
10.00
5.00
24.00
11.00
24.00
10.00
15.00
4.00
9.00
10.00
5.00
15.00
9.00
16.00
19.00
8.00
12.00
20.00
6.00
20.00
10.00
15.00
11.00
12.00
9.00
17.00
13.00
22.00
17.00
25.00
18.00
6.00
12.00
9.00
21.00
21.00
8.00
12.00
11.00
6.00
14.00
8.00
15.00
10.00
14.00
8.00
3.00
8.00
24.00
18.00
6.00
12.00
11.00
22.00
7.00
14.00
10.00
10.00
7.00
16.00
13.00
14.00
17.00
14.00
15.00
6.00
9.00
2.00
11.00
10.00
19.00
17.00
8.00
15.00
12.00
11.00
13.00
32.00
10.00
15.00
6.00
6.00
12.00
19.00
6.00
8.00
13.00
23.00
14.00
9.00
14.00
8.00
18.00
3.00
6.00
19.00
17.00
13.00
9.00
16.00
7.00
35.00
10.00
7.00
9.00
12.00
18.00
13.00
17.00
15.00
6.00
14.00
10.00
6.00
6.00
7.00
17.00
13.00
10.00
12.00
12.00
12.00
7.00
9.00
6.00
15.00
19.00
8.00
14.00
12.00
4.00
15.00
15.00
11.00
10.00
8.00
10.00
11.00
13.00
3.00
13.00
9.00
16.00
12.00
11.00
12.00
12.00
11.00
10.00
10.00
7.00
13.00
9.00
17.00
16.00
21.00
15.00
21.00
16.00
14.00
7.00
17.00
14.00
11.00
10.00
8.00
13.00
15.00
13.00
9.00
10.00
14.00
17.00
4.00
6.00
5.00
16.00
12.00
11.00
13.00
15.00
6.00
7.00
8.00
3.00
40.00
14.00
16.00
23.00
8.00
13.00
9.00
13.00
10.00
6.00
13.00
10.00
15.00
11.00
18.00
9.00
6.00
60.00
6.00
10.00
8.00
23.00
5.00
11.00
6.00
5.00
22.00
10.00
19.00
17.00
43.00
8.00
10.00
16.00
13.00
15.00
9.00
5.00
12.00
7.00
12.00
7.00
12.00
10.00
6.00
8.00
12.00
13.00
7.00
7.00
40.00
5.00
16.00
17.00
3.00
16.00
14.00
13.00
14.00
2.00
8.00
9.00
14.00
6.00
18.00
30.00
10.00
8.00
24.00
8.00
18.00
13.00
6.00
13.00
8.00
14.00
17.00
10.00
8.00
6.00
15.00
14.00
3.00
11.00
7.00
18.00
5.00
15.00
7.00
12.00
6.00
10.00
13.00
24.00
13.00
13.00
9.00
10.00
13.00
12.00
8.00
5.00
13.00
6.00
10.00
3.00
11.00
14.00
16.00
16.00
8.00
10.00
16.00
10.00
8.00
16.00
9.00
5.00
9.00
9.00
20.00
22.00
22.00
9.00
23.00
8.00
11.00
6.00
10.00
4.00
10.00
11.00
8.00
13.00
15.00
6.00
33.00
9.00
3.00
3.00
15.00
6.00
6.00
4.00
15.00
10.00
8.00
10.00
9.00
23.00
6.00
7.00
14.00
6.00
9.00
8.00
9.00
18.00
6.00
6.00
9.00
6.00
10.00
9.00
10.00
7.00
6.00
11.00
8.00
9.00
4.00
6.00
3.00
7.00
17.00
4.00
4.00
9.00
10.00
4.00
12.00
9.00
14.00
25.00
13.00
10.00
7.00
8.00
10.00
7.00
13.00
10.00
12.00
11.00
10.00
12.00
8.00
12.00
19.00
12.00
11.00
7.00
4.00
16.00
2.00
9.00
16.00
5.00
10.00
10.00
15.00
11.00
11.00
6.00
5.00
10.00
2.00
7.00
17.00
10.00
45.00
15.00
17.00
11.00
10.00
32.00
9.00
4.00
8.00
7.00
20.00
5.00
2.00
7.00
10.00
7.00
25.00
8.00
12.00
5.00
4.00
3.00
10.00
6.00
12.00
9.00
9.00
9.00
9.00
9.00
15.00
8.00
8.00
9.00
12.00
12.00
8.00
6.00
3.00
12.00
5.00
11.00
32.00
12.00
10.00
2.00
12.00
21.00
7.00
14.00
13.00
8.00
6.00
9.00
8.00
5.00
16.00
5.00
7.00
11.00
16.00
13.00
3.00
14.00
8.00
8.00
33.00
11.00
15.00
11.00
5.00
2.00
15.00
11.00
4.00
12.00
27.00
16.00
12.00
8.00
4.00
13.00
5.00
8.00
8.00
8.00
12.00
9.00
6.00
7.00
11.00
6.00
8.00
5.00
13.00
12.00
13.00
9.00
9.00
4.00
14.00
7.00
5.00
5.00
10.00
20.00
7.00
7.00
4.00
9.00
9.00
10.00
17.00
9.00
5.00
14.00
13.00
12.00
11.00
12.00
9.00
29.00
11.00
13.00
15.00
7.00
11.00
6.00
17.00
