2.00
8.00
19.00
14.00
14.00
10.00
46.00
20.00
12.00
7.00
14.00
14.00
3.00
12.00
21.00
5.00
18.00
28.00
5.00
30.00
11.00
9.00
25.00
6.00
13.00
5.00
6.00
14.00
17.00
12.00
13.00
20.00
3.00
8.00
6.00
19.00
6.00
10.00
28.00
12.00
56.00
34.00
20.00
9.00
15.00
28.00
23.00
2.00
13.00
5.00
30.00
11.00
8.00
6.00
7.00
18.00
17.00
17.00
13.00
7.00
12.00
17.00
14.00
15.00
12.00
16.00
9.00
20.00
9.00
28.00
7.00
13.00
5.00
14.00
10.00
29.00
23.00
17.00
13.00
5.00
25.00
17.00
15.00
5.00
8.00
9.00
8.00
16.00
15.00
32.00
13.00
11.00
12.00
19.00
8.00
15.00
13.00
12.00
9.00
9.00
18.00
24.00
11.00
22.00
10.00
27.00
8.00
14.00
10.00
16.00
18.00
11.00
10.00
11.00
8.00
13.00
15.00
5.00
12.00
15.00
15.00
69.00
9.00
17.00
11.00
14.00
36.00
12.00
6.00
7.00
8.00
11.00
12.00
6.00
9.00
12.00
21.00
23.00
13.00
14.00
14.00
21.00
14.00
11.00
10.00
11.00
13.00
14.00
14.00
14.00
17.00
12.00
4.00
10.00
6.00
10.00
16.00
18.00
12.00
12.00
16.00
22.00
9.00
15.00
12.00
21.00
14.00
12.00
26.00
21.00
18.00
15.00
12.00
11.00
23.00
16.00
7.00
11.00
25.00
22.00
16.00
10.00
18.00
8.00
21.00
14.00
13.00
28.00
12.00
5.00
29.00
9.00
13.00
13.00
15.00
8.00
11.00
21.00
7.00
12.00
10.00
13.00
4.00
10.00
16.00
13.00
10.00
5.00
5.00
9.00
15.00
7.00
8.00
15.00
28.00
3.00
29.00
11.00
7.00
32.00
12.00
10.00
11.00
16.00
15.00
19.00
11.00
13.00
6.00
5.00
10.00
16.00
11.00
20.00
13.00
9.00
15.00
11.00
8.00
13.00
7.00
44.00
6.00
18.00
22.00
13.00
10.00
24.00
19.00
11.00
7.00
13.00
16.00
31.00
8.00
33.00
7.00
16.00
14.00
12.00
21.00
12.00
13.00
18.00
14.00
10.00
8.00
3.00
10.00
14.00
11.00
5.00
11.00
11.00
12.00
19.00
11.00
9.00
13.00
37.00
8.00
10.00
8.00
5.00
12.00
14.00
14.00
15.00
7.00
26.00
13.00
8.00
6.00
9.00
22.00
8.00
17.00
10.00
5.00
14.00
15.00
11.00
7.00
9.00
10.00
14.00
11.00
18.00
18.00
13.00
9.00
20.00
6.00
8.00
7.00
6.00
6.00
10.00
8.00
22.00
7.00
18.00
4.00
17.00
7.00
11.00
13.00
7.00
9.00
15.00
9.00
11.00
14.00
8.00
6.00
17.00
10.00
9.00
27.00
40.00
9.00
13.00
6.00
43.00
9.00
14.00
7.00
17.00
10.00
17.00
12.00
17.00
11.00
9.00
21.00
15.00
30.00
10.00
10.00
13.00
11.00
18.00
17.00
7.00
8.00
30.00
15.00
10.00
14.00
9.00
10.00
10.00
9.00
18.00
14.00
20.00
10.00
36.00
12.00
8.00
21.00
16.00
3.00
4.00
20.00
11.00
2.00
7.00
7.00
11.00
57.00
18.00
11.00
11.00
5.00
8.00
10.00
10.00
11.00
9.00
18.00
15.00
7.00
17.00
12.00
7.00
28.00
7.00
11.00
24.00
13.00
15.00
18.00
11.00
9.00
10.00
9.00
5.00
11.00
8.00
9.00
3.00
4.00
4.00
19.00
15.00
11.00
19.00
13.00
9.00
16.00
12.00
6.00
10.00
19.00
6.00
10.00
7.00
11.00
15.00
9.00
33.00
17.00
9.00
17.00
18.00
10.00
11.00
67.00
19.00
9.00
7.00
12.00
9.00
14.00
16.00
7.00
14.00
13.00
20.00
7.00
28.00
10.00
12.00
12.00
6.00
9.00
4.00
9.00
15.00
20.00
7.00
7.00
18.00
10.00
13.00
5.00
7.00
14.00
16.00
11.00
9.00
8.00
5.00
13.00
9.00
5.00
40.00
10.00
10.00
18.00
5.00
1.00
8.00
6.00
12.00
6.00
6.00
4.00
13.00
11.00
7.00
14.00
11.00
17.00
4.00
7.00
8.00
10.00
6.00
7.00
25.00
9.00
15.00
7.00
10.00
9.00
9.00
11.00
21.00
8.00
12.00
14.00
3.00
8.00
6.00
3.00
9.00
9.00
13.00
5.00
8.00
12.00
3.00
6.00
7.00
5.00
12.00
17.00
13.00
6.00
15.00
6.00
15.00
20.00
14.00
14.00
11.00
9.00
10.00
4.00
17.00
5.00
15.00
12.00
2.00
9.00
5.00
23.00
25.00
23.00
6.00
10.00
6.00
12.00
6.00
17.00
20.00
11.00
7.00
11.00
11.00
7.00
17.00
11.00
5.00
10.00
8.00
8.00
10.00
10.00
4.00
15.00
22.00
5.00
8.00
7.00
8.00
3.00
9.00
2.00
7.00
5.00
5.00
18.00
13.00
19.00
13.00
9.00
24.00
8.00
14.00
13.00
10.00
5.00
11.00
5.00
6.00
19.00
15.00
8.00
6.00
13.00
6.00
8.00
6.00
9.00
8.00
17.00
12.00
6.00
14.00
7.00
7.00
10.00
50.00
7.00
15.00
4.00
15.00
6.00
9.00
15.00
10.00
4.00
7.00
10.00
12.00
6.00
4.00
4.00
20.00
3.00
12.00
7.00
5.00
6.00
12.00
8.00
7.00
10.00
7.00
13.00
8.00
12.00
7.00
12.00
7.00
11.00
9.00
18.00
9.00
9.00
8.00
5.00
16.00
12.00
9.00
7.00
15.00
11.00
11.00
6.00
7.00
10.00
11.00
5.00
12.00
16.00
7.00
14.00
2.00
6.00
9.00
10.00
3.00
29.00
15.00
20.00
14.00
11.00
6.00
11.00
8.00
4.00
13.00
22.00
4.00
11.00
14.00
21.00
9.00
5.00
8.00
7.00
12.00
7.00
9.00
16.00
8.00
12.00
13.00
10.00
14.00
9.00
2.00
17.00
6.00
6.00
12.00
9.00
9.00
19.00
9.00
7.00
1.00
10.00
6.00
12.00
9.00
11.00
12.00
3.00
6.00
17.00
7.00
5.00
7.00
7.00
8.00
11.00
19.00
14.00
14.00
4.00
16.00
12.00
13.00
14.00
6.00
8.00
11.00
8.00
11.00
11.00
11.00
9.00
6.00
6.00
6.00
4.00
11.00
1.00
12.00
9.00
10.00
7.00
10.00
10.00
10.00
6.00
17.00
10.00
8.00
20.00
12.00
9.00
5.00
2.00
14.00
10.00
13.00
4.00
17.00
14.00
7.00
12.00
11.00
6.00
10.00
1.00
6.00
14.00
8.00
4.00
3.00
14.00
18.00
6.00
8.00
