14.00
15.00
15.00
4.00
4.00
8.00
9.00
52.00
30.00
3.00
26.00
37.00
5.00
3.00
9.00
15.00
58.00
5.00
20.00
27.00
9.00
12.00
8.00
24.00
18.00
13.00
5.00
16.00
40.00
1.00
6.00
10.00
30.00
4.00
6.00
20.00
8.00
8.00
34.00
7.00
8.00
17.00
8.00
5.00
10.00
5.00
48.00
3.00
27.00
7.00
26.00
20.00
3.00
9.00
8.00
13.00
13.00
4.00
2.00
7.00
8.00
3.00
5.00
12.00
6.00
7.00
47.00
21.00
6.00
7.00
17.00
5.00
10.00
14.00
2.00
8.00
36.00
7.00
13.00
4.00
28.00
4.00
2.00
3.00
12.00
31.00
16.00
14.00
6.00
5.00
6.00
2.00
2.00
15.00
8.00
35.00
8.00
4.00
12.00
4.00
4.00
7.00
8.00
6.00
15.00
3.00
13.00
2.00
4.00
17.00
9.00
2.00
5.00
8.00
7.00
17.00
7.00
3.00
3.00
7.00
5.00
9.00
5.00
5.00
21.00
5.00
5.00
7.00
6.00
2.00
1.00
2.00
5.00
3.00
8.00
3.00
10.00
4.00
5.00
25.00
5.00
12.00
10.00
5.00
14.00
14.00
10.00
3.00
3.00
6.00
5.00
5.00
12.00
21.00
7.00
9.00
6.00
10.00
7.00
9.00
6.00
7.00
5.00
4.00
11.00
5.00
16.00
31.00
19.00
9.00
4.00
4.00
12.00
3.00
3.00
8.00
43.00
5.00
13.00
7.00
7.00
8.00
3.00
5.00
6.00
21.00
4.00
7.00
5.00
10.00
5.00
22.00
10.00
3.00
7.00
4.00
7.00
3.00
3.00
6.00
19.00
6.00
13.00
11.00
5.00
25.00
29.00
7.00
6.00
9.00
7.00
5.00
10.00
6.00
8.00
8.00
2.00
13.00
7.00
10.00
6.00
7.00
5.00
11.00
6.00
7.00
1.00
4.00
4.00
7.00
6.00
4.00
5.00
9.00
6.00
5.00
13.00
25.00
7.00
8.00
26.00
6.00
6.00
19.00
4.00
8.00
5.00
7.00
4.00
5.00
9.00
8.00
6.00
6.00
5.00
6.00
5.00
3.00
4.00
5.00
4.00
8.00
7.00
9.00
4.00
3.00
4.00
5.00
4.00
8.00
7.00
3.00
3.00
5.00
4.00
6.00
6.00
13.00
4.00
7.00
5.00
4.00
8.00
9.00
7.00
5.00
4.00
3.00
21.00
5.00
5.00
3.00
7.00
5.00
13.00
9.00
7.00
12.00
13.00
3.00
4.00
10.00
4.00
7.00
27.00
12.00
44.00
5.00
8.00
12.00
5.00
6.00
19.00
6.00
4.00
8.00
2.00
3.00
10.00
5.00
28.00
3.00
11.00
4.00
6.00
3.00
3.00
5.00
3.00
6.00
6.00
5.00
4.00
5.00
23.00
10.00
15.00
17.00
5.00
3.00
4.00
24.00
4.00
28.00
9.00
43.00
4.00
5.00
7.00
4.00
3.00
13.00
11.00
4.00
4.00
7.00
8.00
4.00
5.00
3.00
6.00
12.00
4.00
23.00
4.00
2.00
3.00
3.00
2.00
5.00
22.00
3.00
14.00
6.00
2.00
3.00
10.00
2.00
7.00
5.00
4.00
6.00
5.00
8.00
5.00
7.00
5.00
4.00
3.00
6.00
5.00
39.00
2.00
4.00
6.00
5.00
6.00
5.00
22.00
7.00
5.00
3.00
8.00
5.00
3.00
11.00
3.00
4.00
6.00
26.00
23.00
5.00
8.00
8.00
21.00
3.00
4.00
3.00
3.00
7.00
7.00
3.00
3.00
5.00
13.00
5.00
5.00
3.00
24.00
7.00
6.00
16.00
18.00
4.00
7.00
36.00
13.00
7.00
10.00
3.00
2.00
21.00
9.00
2.00
4.00
4.00
2.00
7.00
1.00
5.00
5.00
4.00
4.00
3.00
3.00
3.00
9.00
2.00
3.00
3.00
3.00
2.00
2.00
2.00
7.00
7.00
2.00
2.00
4.00
4.00
7.00
9.00
10.00
3.00
4.00
3.00
4.00
7.00
3.00
8.00
10.00
5.00
7.00
4.00
4.00
3.00
4.00
11.00
4.00
4.00
8.00
3.00
5.00
2.00
3.00
2.00
4.00
2.00
4.00
4.00
5.00
2.00
5.00
6.00
7.00
2.00
20.00
5.00
11.00
3.00
4.00
5.00
5.00
2.00
2.00
11.00
8.00
6.00
3.00
6.00
5.00
2.00
4.00
2.00
1.00
4.00
14.00
3.00
9.00
12.00
3.00
5.00
4.00
4.00
2.00
10.00
11.00
4.00
5.00
13.00
2.00
3.00
2.00
2.00
3.00
4.00
6.00
3.00
4.00
8.00
2.00
3.00
12.00
4.00
5.00
10.00
4.00
6.00
7.00
7.00
3.00
3.00
4.00
4.00
5.00
6.00
3.00
1.00
2.00
3.00
3.00
1.00
3.00
27.00
28.00
4.00
4.00
4.00
3.00
2.00
8.00
23.00
4.00
11.00
1.00
4.00
6.00
3.00
3.00
5.00
22.00
4.00
2.00
4.00
3.00
15.00
2.00
4.00
2.00
3.00
4.00
9.00
4.00
10.00
4.00
7.00
7.00
2.00
4.00
1.00
2.00
3.00
3.00
4.00
4.00
14.00
4.00
3.00
2.00
3.00
4.00
3.00
6.00
4.00
4.00
1.00
2.00
6.00
4.00
3.00
6.00
12.00
4.00
32.00
3.00
5.00
4.00
5.00
5.00
2.00
8.00
7.00
4.00
2.00
3.00
10.00
4.00
3.00
5.00
1.00
2.00
3.00
5.00
17.00
2.00
3.00
5.00
2.00
5.00
5.00
5.00
6.00
3.00
4.00
4.00
5.00
5.00
4.00
3.00
1.00
4.00
17.00
3.00
1.00
7.00
2.00
4.00
1.00
4.00
4.00
7.00
4.00
6.00
4.00
5.00
1.00
12.00
53.00
1.00
3.00
1.00
1.00
6.00
2.00
28.00
4.00
4.00
4.00
5.00
3.00
3.00
2.00
3.00
5.00
2.00
4.00
2.00
3.00
5.00
11.00
4.00
3.00
3.00
3.00
5.00
4.00
2.00
5.00
2.00
23.00
18.00
5.00
4.00
5.00
9.00
1.00
14.00
3.00
6.00
1.00
4.00
3.00
5.00
2.00
3.00
4.00
4.00
2.00
9.00
8.00
2.00
2.00
11.00
2.00
4.00
3.00
9.00
2.00
19.00
1.00
1.00
34.00
1.00
1.00
7.00
6.00
1.00
2.00
1.00
3.00
3.00
3.00
4.00
2.00
1.00
2.00
3.00
8.00
5.00
8.00
2.00
1.00
3.00
2.00
4.00
3.00
1.00
3.00
5.00
2.00
12.00
8.00
46.00
3.00
7.00
1.00
6.00
10.00
3.00
2.00
9.00
5.00
2.00
7.00
1.00
2.00
4.00
1.00
2.00
2.00
