7.00
14.00
44.00
39.00
33.00
48.00
23.00
28.00
19.00
22.00
9.00
19.00
17.00
20.00
7.00
38.00
10.00
7.00
15.00
22.00
8.00
51.00
20.00
16.00
36.00
25.00
24.00
43.00
38.00
16.00
14.00
16.00
20.00
47.00
38.00
9.00
14.00
19.00
8.00
18.00
27.00
13.00
5.00
30.00
32.00
31.00
19.00
25.00
31.00
16.00
34.00
16.00
40.00
23.00
14.00
31.00
11.00
22.00
18.00
17.00
10.00
15.00
20.00
22.00
13.00
8.00
27.00
5.00
8.00
45.00
14.00
35.00
16.00
58.00
10.00
48.00
39.00
27.00
26.00
27.00
6.00
15.00
18.00
8.00
45.00
14.00
25.00
21.00
5.00
14.00
7.00
41.00
34.00
28.00
22.00
9.00
44.00
26.00
19.00
31.00
22.00
56.00
25.00
25.00
13.00
34.00
38.00
15.00
22.00
20.00
18.00
19.00
45.00
14.00
94.00
11.00
16.00
55.00
44.00
14.00
22.00
15.00
13.00
14.00
14.00
27.00
47.00
38.00
11.00
46.00
5.00
12.00
18.00
32.00
40.00
21.00
83.00
10.00
24.00
16.00
11.00
22.00
13.00
30.00
26.00
17.00
27.00
8.00
9.00
28.00
17.00
57.00
15.00
39.00
18.00
8.00
22.00
28.00
21.00
17.00
25.00
15.00
38.00
29.00
27.00
27.00
14.00
12.00
18.00
5.00
36.00
16.00
10.00
17.00
18.00
11.00
25.00
10.00
10.00
16.00
20.00
30.00
16.00
14.00
15.00
22.00
17.00
10.00
21.00
25.00
26.00
20.00
13.00
23.00
20.00
12.00
25.00
22.00
39.00
4.00
18.00
15.00
19.00
20.00
21.00
18.00
23.00
36.00
27.00
26.00
31.00
20.00
14.00
19.00
18.00
26.00
24.00
14.00
18.00
15.00
21.00
19.00
13.00
28.00
16.00
15.00
22.00
14.00
20.00
25.00
20.00
8.00
68.00
14.00
11.00
24.00
21.00
30.00
21.00
24.00
24.00
47.00
19.00
14.00
19.00
18.00
58.00
27.00
25.00
15.00
20.00
18.00
5.00
7.00
14.00
17.00
8.00
16.00
13.00
15.00
19.00
14.00
14.00
20.00
9.00
62.00
42.00
17.00
26.00
22.00
16.00
29.00
22.00
35.00
16.00
11.00
11.00
20.00
16.00
29.00
16.00
24.00
30.00
18.00
29.00
27.00
16.00
21.00
12.00
8.00
22.00
20.00
10.00
12.00
15.00
19.00
32.00
22.00
13.00
13.00
15.00
21.00
9.00
13.00
20.00
11.00
28.00
13.00
22.00
17.00
19.00
35.00
23.00
26.00
35.00
15.00
49.00
8.00
14.00
18.00
13.00
20.00
30.00
13.00
23.00
25.00
8.00
14.00
24.00
20.00
24.00
14.00
14.00
15.00
18.00
33.00
17.00
9.00
28.00
3.00
15.00
10.00
36.00
24.00
21.00
10.00
10.00
37.00
16.00
2.00
34.00
10.00
23.00
17.00
9.00
44.00
18.00
17.00
20.00
26.00
26.00
11.00
16.00
10.00
13.00
13.00
10.00
29.00
17.00
25.00
19.00
28.00
40.00
11.00
12.00
13.00
20.00
42.00
10.00
17.00
12.00
17.00
14.00
26.00
18.00
10.00
21.00
15.00
20.00
14.00
14.00
23.00
18.00
14.00
13.00
13.00
9.00
21.00
31.00
6.00
22.00
11.00
15.00
12.00
21.00
19.00
11.00
18.00
19.00
13.00
20.00
30.00
13.00
44.00
8.00
21.00
10.00
17.00
12.00
23.00
9.00
9.00
32.00
6.00
18.00
12.00
18.00
44.00
12.00
7.00
31.00
11.00
23.00
6.00
19.00
11.00
30.00
14.00
5.00
28.00
25.00
7.00
16.00
6.00
17.00
12.00
30.00
45.00
12.00
36.00
8.00
15.00
24.00
13.00
11.00
17.00
22.00
22.00
19.00
11.00
15.00
41.00
15.00
6.00
38.00
18.00
25.00
24.00
15.00
14.00
22.00
10.00
49.00
16.00
9.00
9.00
14.00
40.00
7.00
19.00
17.00
15.00
22.00
18.00
23.00
20.00
14.00
33.00
16.00
9.00
7.00
13.00
16.00
19.00
23.00
8.00
11.00
30.00
29.00
30.00
13.00
16.00
15.00
21.00
26.00
11.00
29.00
14.00
19.00
12.00
14.00
15.00
8.00
21.00
16.00
12.00
11.00
15.00
19.00
17.00
15.00
34.00
12.00
18.00
23.00
13.00
20.00
18.00
17.00
12.00
12.00
8.00
38.00
10.00
19.00
10.00
15.00
30.00
9.00
10.00
12.00
9.00
12.00
12.00
14.00
9.00
26.00
16.00
26.00
14.00
19.00
14.00
8.00
10.00
9.00
37.00
13.00
13.00
22.00
15.00
18.00
12.00
16.00
9.00
18.00
14.00
26.00
19.00
24.00
12.00
21.00
22.00
12.00
21.00
26.00
12.00
40.00
17.00
14.00
23.00
23.00
25.00
12.00
4.00
10.00
17.00
14.00
10.00
8.00
17.00
20.00
11.00
15.00
12.00
8.00
6.00
6.00
18.00
43.00
12.00
16.00
8.00
17.00
6.00
51.00
7.00
6.00
13.00
6.00
25.00
23.00
13.00
12.00
14.00
23.00
11.00
18.00
16.00
11.00
22.00
9.00
21.00
15.00
14.00
17.00
8.00
16.00
30.00
20.00
17.00
27.00
31.00
17.00
11.00
19.00
21.00
8.00
19.00
18.00
16.00
15.00
9.00
23.00
24.00
5.00
24.00
10.00
9.00
25.00
19.00
24.00
15.00
38.00
9.00
26.00
13.00
40.00
14.00
24.00
14.00
13.00
26.00
14.00
9.00
12.00
7.00
12.00
13.00
10.00
19.00
40.00
14.00
14.00
18.00
18.00
12.00
13.00
4.00
9.00
9.00
12.00
13.00
14.00
20.00
23.00
7.00
17.00
31.00
9.00
16.00
6.00
12.00
10.00
39.00
5.00
18.00
9.00
21.00
21.00
19.00
18.00
20.00
6.00
15.00
29.00
6.00
9.00
9.00
26.00
10.00
17.00
14.00
6.00
14.00
26.00
29.00
12.00
22.00
9.00
8.00
10.00
17.00
31.00
4.00
10.00
6.00
16.00
26.00
10.00
13.00
15.00
18.00
19.00
7.00
8.00
13.00
8.00
29.00
19.00
17.00
18.00
40.00
8.00
29.00
13.00
14.00
11.00
6.00
14.00
34.00
24.00
8.00
17.00
7.00
12.00
9.00
25.00
11.00
21.00
13.00
19.00
7.00
22.00
13.00
19.00
10.00
8.00
18.00
15.00
13.00
9.00
11.00
15.00
22.00
15.00
7.00
21.00
29.00
10.00
20.00
21.00
25.00
43.00
12.00
8.00
38.00
11.00
4.00
18.00
9.00
6.00
19.00
28.00
30.00
6.00
4.00
28.00
19.00
12.00
16.00
