16.00
31.00
14.00
14.00
26.00
18.00
15.00
30.00
6.00
25.00
11.00
20.00
14.00
17.00
39.00
12.00
19.00
23.00
14.00
15.00
6.00
14.00
27.00
5.00
5.00
10.00
8.00
12.00
20.00
10.00
4.00
13.00
32.00
5.00
19.00
7.00
17.00
27.00
16.00
18.00
23.00
13.00
27.00
18.00
4.00
38.00
13.00
5.00
12.00
16.00
15.00
19.00
8.00
17.00
18.00
13.00
10.00
10.00
27.00
17.00
19.00
15.00
16.00
33.00
14.00
32.00
17.00
12.00
20.00
32.00
10.00
5.00
13.00
22.00
4.00
9.00
19.00
22.00
23.00
7.00
10.00
7.00
17.00
10.00
22.00
15.00
12.00
33.00
20.00
12.00
8.00
31.00
9.00
17.00
10.00
22.00
26.00
15.00
19.00
7.00
26.00
20.00
12.00
13.00
15.00
45.00
29.00
13.00
20.00
25.00
19.00
5.00
8.00
20.00
6.00
11.00
8.00
17.00
27.00
24.00
19.00
30.00
18.00
11.00
13.00
23.00
8.00
18.00
14.00
9.00
12.00
36.00
13.00
18.00
20.00
20.00
17.00
10.00
7.00
13.00
11.00
14.00
19.00
4.00
34.00
1.00
12.00
16.00
7.00
30.00
28.00
5.00
9.00
19.00
13.00
24.00
17.00
9.00
29.00
11.00
12.00
37.00
28.00
25.00
12.00
8.00
15.00
52.00
17.00
30.00
11.00
10.00
12.00
14.00
25.00
16.00
17.00
19.00
16.00
25.00
13.00
11.00
7.00
12.00
24.00
11.00
14.00
35.00
7.00
10.00
30.00
18.00
16.00
29.00
29.00
22.00
7.00
15.00
14.00
11.00
17.00
9.00
14.00
27.00
10.00
15.00
25.00
30.00
10.00
15.00
28.00
10.00
16.00
7.00
9.00
28.00
14.00
15.00
9.00
5.00
21.00
9.00
18.00
15.00
17.00
29.00
7.00
27.00
27.00
15.00
18.00
7.00
16.00
14.00
16.00
11.00
15.00
11.00
25.00
6.00
20.00
12.00
14.00
17.00
7.00
11.00
3.00
9.00
8.00
10.00
3.00
12.00
8.00
24.00
4.00
3.00
17.00
32.00
33.00
4.00
8.00
32.00
25.00
11.00
11.00
10.00
6.00
12.00
7.00
12.00
13.00
5.00
12.00
17.00
7.00
8.00
30.00
19.00
9.00
13.00
13.00
14.00
20.00
20.00
13.00
7.00
18.00
7.00
9.00
17.00
16.00
13.00
13.00
30.00
4.00
41.00
21.00
5.00
15.00
6.00
17.00
4.00
16.00
13.00
13.00
10.00
39.00
12.00
14.00
11.00
14.00
13.00
14.00
10.00
10.00
7.00
15.00
12.00
17.00
5.00
21.00
3.00
12.00
4.00
12.00
68.00
38.00
17.00
25.00
18.00
16.00
16.00
16.00
16.00
16.00
26.00
11.00
12.00
13.00
7.00
23.00
3.00
10.00
18.00
31.00
10.00
24.00
13.00
10.00
8.00
13.00
6.00
14.00
16.00
11.00
20.00
13.00
9.00
27.00
11.00
13.00
9.00
12.00
7.00
6.00
15.00
22.00
43.00
16.00
18.00
23.00
17.00
28.00
6.00
16.00
23.00
9.00
7.00
25.00
8.00
19.00
6.00
9.00
14.00
14.00
22.00
7.00
25.00
7.00
19.00
30.00
12.00
18.00
25.00
8.00
22.00
12.00
16.00
17.00
15.00
13.00
33.00
13.00
16.00
10.00
11.00
17.00
9.00
15.00
13.00
6.00
7.00
14.00
13.00
11.00
11.00
8.00
32.00
16.00
21.00
10.00
10.00
9.00
16.00
12.00
19.00
6.00
20.00
10.00
13.00
16.00
19.00
7.00
36.00
11.00
3.00
10.00
11.00
10.00
13.00
10.00
11.00
11.00
14.00
3.00
8.00
19.00
9.00
50.00
12.00
22.00
22.00
17.00
10.00
15.00
14.00
6.00
29.00
10.00
3.00
14.00
27.00
15.00
4.00
28.00
8.00
8.00
8.00
11.00
15.00
14.00
13.00
5.00
5.00
9.00
11.00
22.00
7.00
14.00
15.00
28.00
13.00
34.00
18.00
28.00
9.00
10.00
12.00
23.00
4.00
5.00
4.00
11.00
6.00
18.00
10.00
11.00
12.00
18.00
20.00
39.00
14.00
17.00
13.00
15.00
10.00
10.00
9.00
14.00
17.00
15.00
15.00
6.00
6.00
6.00
12.00
12.00
19.00
7.00
6.00
12.00
12.00
4.00
11.00
18.00
13.00
9.00
31.00
32.00
16.00
25.00
6.00
15.00
9.00
10.00
7.00
14.00
12.00
9.00
9.00
10.00
15.00
15.00
26.00
14.00
12.00
8.00
12.00
10.00
14.00
9.00
7.00
37.00
18.00
8.00
16.00
31.00
13.00
13.00
12.00
10.00
13.00
14.00
4.00
39.00
12.00
12.00
17.00
8.00
9.00
14.00
16.00
8.00
8.00
6.00
7.00
6.00
17.00
4.00
13.00
12.00
26.00
23.00
24.00
10.00
10.00
6.00
11.00
12.00
13.00
8.00
8.00
11.00
8.00
12.00
4.00
15.00
7.00
8.00
9.00
8.00
8.00
9.00
11.00
13.00
5.00
10.00
17.00
8.00
8.00
8.00
11.00
17.00
13.00
15.00
8.00
11.00
27.00
20.00
9.00
8.00
8.00
14.00
49.00
10.00
15.00
10.00
8.00
11.00
7.00
9.00
7.00
7.00
4.00
13.00
13.00
8.00
9.00
12.00
6.00
7.00
14.00
5.00
23.00
6.00
8.00
16.00
14.00
15.00
3.00
6.00
6.00
15.00
26.00
4.00
19.00
8.00
3.00
8.00
14.00
3.00
5.00
14.00
9.00
10.00
5.00
8.00
33.00
4.00
8.00
14.00
5.00
10.00
4.00
6.00
6.00
12.00
19.00
11.00
34.00
6.00
11.00
21.00
11.00
10.00
4.00
6.00
8.00
10.00
12.00
19.00
13.00
13.00
7.00
12.00
28.00
13.00
27.00
19.00
7.00
37.00
9.00
8.00
8.00
10.00
15.00
14.00
13.00
16.00
7.00
26.00
13.00
12.00
4.00
8.00
5.00
9.00
47.00
7.00
7.00
10.00
20.00
7.00
18.00
8.00
5.00
9.00
7.00
10.00
8.00
12.00
8.00
18.00
10.00
9.00
10.00
10.00
15.00
5.00
5.00
13.00
12.00
3.00
4.00
6.00
10.00
17.00
13.00
7.00
10.00
10.00
17.00
31.00
20.00
5.00
10.00
7.00
18.00
5.00
10.00
4.00
8.00
6.00
4.00
11.00
12.00
8.00
19.00
9.00
21.00
9.00
7.00
6.00
15.00
4.00
9.00
2.00
8.00
7.00
10.00
14.00
21.00
10.00
8.00
8.00
7.00
9.00
9.00
8.00
24.00
5.00
8.00
12.00
13.00
9.00
5.00
11.00
6.00
9.00
14.00
