6.00
15.00
7.00
3.00
4.00
20.00
3.00
16.00
1.00
5.00
20.00
27.00
14.00
5.00
7.00
3.00
4.00
2.00
11.00
7.00
2.00
12.00
18.00
3.00
10.00
6.00
6.00
6.00
2.00
9.00
5.00
5.00
4.00
12.00
5.00
7.00
16.00
2.00
3.00
7.00
4.00
6.00
6.00
22.00
7.00
7.00
13.00
25.00
6.00
5.00
7.00
57.00
4.00
30.00
11.00
8.00
3.00
2.00
7.00
6.00
3.00
12.00
11.00
24.00
6.00
34.00
10.00
12.00
5.00
9.00
7.00
8.00
5.00
49.00
4.00
5.00
7.00
15.00
7.00
2.00
3.00
6.00
6.00
24.00
4.00
2.00
5.00
8.00
21.00
1.00
7.00
4.00
5.00
5.00
12.00
2.00
5.00
4.00
2.00
3.00
24.00
5.00
3.00
4.00
32.00
5.00
16.00
18.00
4.00
3.00
4.00
4.00
31.00
12.00
3.00
6.00
6.00
4.00
11.00
5.00
6.00
35.00
6.00
5.00
5.00
3.00
4.00
15.00
3.00
1.00
3.00
5.00
6.00
5.00
13.00
20.00
3.00
50.00
2.00
7.00
3.00
4.00
3.00
6.00
7.00
4.00
13.00
13.00
6.00
3.00
5.00
6.00
4.00
5.00
4.00
9.00
3.00
5.00
4.00
13.00
10.00
4.00
5.00
3.00
4.00
4.00
8.00
10.00
2.00
4.00
5.00
7.00
1.00
7.00
2.00
10.00
6.00
7.00
3.00
2.00
2.00
5.00
7.00
7.00
10.00
5.00
3.00
8.00
1.00
2.00
11.00
4.00
3.00
3.00
8.00
3.00
10.00
3.00
6.00
3.00
8.00
5.00
5.00
6.00
5.00
3.00
11.00
25.00
36.00
5.00
8.00
46.00
5.00
15.00
6.00
7.00
5.00
2.00
13.00
6.00
6.00
2.00
3.00
3.00
5.00
4.00
6.00
4.00
4.00
3.00
6.00
3.00
3.00
8.00
3.00
3.00
3.00
4.00
4.00
5.00
7.00
12.00
4.00
7.00
7.00
9.00
23.00
13.00
9.00
7.00
5.00
4.00
4.00
5.00
5.00
3.00
3.00
3.00
11.00
6.00
3.00
6.00
4.00
1.00
2.00
3.00
3.00
5.00
7.00
2.00
1.00
15.00
4.00
5.00
11.00
4.00
6.00
3.00
2.00
7.00
3.00
3.00
5.00
5.00
6.00
5.00
3.00
6.00
4.00
3.00
2.00
3.00
1.00
2.00
6.00
5.00
7.00
3.00
4.00
5.00
3.00
6.00
3.00
3.00
12.00
5.00
5.00
6.00
5.00
8.00
12.00
5.00
7.00
10.00
15.00
3.00
5.00
5.00
8.00
3.00
4.00
4.00
14.00
9.00
6.00
2.00
2.00
10.00
7.00
3.00
4.00
2.00
5.00
6.00
2.00
5.00
5.00
2.00
4.00
3.00
5.00
2.00
4.00
3.00
5.00
5.00
7.00
4.00
4.00
5.00
2.00
2.00
3.00
3.00
4.00
4.00
11.00
2.00
8.00
5.00
11.00
5.00
14.00
12.00
2.00
8.00
1.00
5.00
4.00
9.00
4.00
2.00
4.00
3.00
14.00
3.00
4.00
3.00
6.00
7.00
1.00
4.00
7.00
2.00
3.00
5.00
2.00
4.00
3.00
5.00
6.00
11.00
6.00
2.00
6.00
2.00
2.00
4.00
2.00
3.00
7.00
11.00
1.00
4.00
3.00
3.00
7.00
9.00
2.00
4.00
2.00
16.00
5.00
2.00
10.00
3.00
3.00
1.00
6.00
20.00
5.00
6.00
2.00
3.00
1.00
4.00
6.00
24.00
5.00
3.00
3.00
1.00
3.00
3.00
14.00
2.00
4.00
8.00
3.00
13.00
6.00
1.00
2.00
4.00
4.00
3.00
4.00
3.00
6.00
12.00
2.00
4.00
4.00
2.00
6.00
3.00
3.00
4.00
7.00
13.00
2.00
8.00
3.00
4.00
9.00
2.00
5.00
2.00
3.00
2.00
2.00
2.00
3.00
3.00
14.00
2.00
1.00
1.00
6.00
3.00
5.00
5.00
3.00
1.00
3.00
3.00
14.00
1.00
4.00
2.00
1.00
2.00
4.00
5.00
6.00
3.00
3.00
2.00
2.00
12.00
3.00
3.00
8.00
1.00
28.00
5.00
4.00
2.00
2.00
4.00
2.00
6.00
2.00
5.00
4.00
4.00
3.00
3.00
10.00
4.00
3.00
2.00
3.00
4.00
4.00
6.00
3.00
3.00
19.00
5.00
3.00
4.00
2.00
3.00
3.00
1.00
1.00
2.00
1.00
4.00
1.00
4.00
3.00
2.00
15.00
3.00
7.00
2.00
2.00
1.00
3.00
4.00
2.00
4.00
1.00
20.00
9.00
6.00
2.00
4.00
9.00
1.00
3.00
2.00
1.00
1.00
3.00
6.00
2.00
4.00
2.00
2.00
9.00
9.00
17.00
3.00
4.00
2.00
9.00
4.00
1.00
7.00
2.00
3.00
2.00
1.00
1.00
1.00
3.00
4.00
2.00
4.00
1.00
2.00
3.00
8.00
3.00
4.00
4.00
25.00
5.00
2.00
2.00
2.00
4.00
2.00
3.00
5.00
2.00
8.00
4.00
4.00
6.00
2.00
1.00
6.00
1.00
7.00
2.00
2.00
1.00
3.00
10.00
3.00
2.00
1.00
4.00
2.00
6.00
1.00
1.00
4.00
1.00
2.00
6.00
2.00
8.00
3.00
4.00
2.00
2.00
6.00
4.00
3.00
7.00
2.00
5.00
5.00
1.00
2.00
1.00
3.00
3.00
10.00
3.00
6.00
5.00
8.00
8.00
1.00
1.00
2.00
5.00
1.00
1.00
3.00
5.00
3.00
1.00
1.00
3.00
3.00
2.00
1.00
1.00
1.00
9.00
6.00
2.00
1.00
6.00
5.00
1.00
2.00
2.00
2.00
2.00
4.00
1.00
1.00
4.00
3.00
3.00
1.00
1.00
8.00
1.00
5.00
1.00
4.00
1.00
5.00
1.00
6.00
1.00
4.00
6.00
1.00
1.00
1.00
2.00
2.00
2.00
1.00
1.00
3.00
5.00
1.00
1.00
3.00
6.00
4.00
2.00
3.00
2.00
2.00
5.00
6.00
2.00
1.00
1.00
1.00
2.00
2.00
1.00
2.00
2.00
1.00
4.00
18.00
7.00
2.00
8.00
1.00
7.00
3.00
1.00
2.00
2.00
4.00
2.00
4.00
4.00
4.00
16.00
2.00
3.00
1.00
12.00
1.00
4.00
3.00
1.00
3.00
4.00
1.00
2.00
1.00
3.00
3.00
6.00
1.00
2.00
1.00
3.00
1.00
1.00
1.00
3.00
2.00
5.00
2.00
8.00
8.00
2.00
2.00
1.00
1.00
1.00
5.00
1.00
6.00
1.00
3.00
1.00
4.00
2.00
1.00
22.00
1.00
