17.00
5.00
4.00
5.00
11.00
4.00
8.00
28.00
3.00
2.00
3.00
7.00
10.00
3.00
13.00
11.00
5.00
22.00
1.00
2.00
4.00
5.00
4.00
6.00
2.00
5.00
4.00
2.00
3.00
8.00
13.00
2.00
6.00
10.00
6.00
20.00
5.00
2.00
4.00
4.00
19.00
9.00
9.00
3.00
6.00
9.00
13.00
5.00
3.00
13.00
5.00
4.00
2.00
4.00
7.00
2.00
2.00
2.00
4.00
2.00
2.00
5.00
4.00
6.00
10.00
3.00
12.00
6.00
7.00
4.00
5.00
16.00
7.00
4.00
4.00
5.00
3.00
8.00
4.00
3.00
19.00
3.00
6.00
6.00
4.00
2.00
6.00
2.00
1.00
5.00
2.00
1.00
4.00
1.00
6.00
5.00
3.00
18.00
4.00
3.00
3.00
1.00
4.00
5.00
3.00
4.00
13.00
5.00
2.00
9.00
5.00
3.00
6.00
10.00
3.00
9.00
15.00
6.00
4.00
6.00
2.00
2.00
8.00
8.00
4.00
4.00
5.00
2.00
3.00
6.00
7.00
4.00
6.00
6.00
3.00
9.00
4.00
4.00
5.00
6.00
2.00
2.00
7.00
5.00
8.00
4.00
4.00
11.00
6.00
7.00
6.00
8.00
5.00
5.00
4.00
7.00
5.00
2.00
4.00
4.00
2.00
2.00
6.00
2.00
9.00
2.00
4.00
5.00
4.00
3.00
2.00
5.00
6.00
6.00
3.00
4.00
18.00
12.00
1.00
31.00
5.00
11.00
4.00
4.00
18.00
5.00
7.00
2.00
2.00
1.00
6.00
13.00
2.00
5.00
2.00
2.00
9.00
5.00
9.00
3.00
5.00
11.00
8.00
8.00
7.00
9.00
12.00
4.00
5.00
2.00
2.00
1.00
1.00
3.00
5.00
5.00
11.00
2.00
12.00
4.00
17.00
2.00
3.00
2.00
3.00
1.00
4.00
4.00
3.00
4.00
4.00
4.00
5.00
3.00
6.00
6.00
3.00
4.00
2.00
3.00
7.00
5.00
13.00
6.00
9.00
5.00
4.00
3.00
3.00
4.00
5.00
5.00
4.00
3.00
8.00
5.00
6.00
4.00
2.00
4.00
11.00
3.00
4.00
5.00
6.00
1.00
6.00
7.00
2.00
2.00
5.00
3.00
6.00
4.00
2.00
4.00
3.00
6.00
3.00
6.00
6.00
4.00
10.00
4.00
7.00
4.00
6.00
2.00
6.00
3.00
1.00
6.00
2.00
6.00
3.00
17.00
4.00
2.00
1.00
2.00
3.00
4.00
3.00
3.00
2.00
7.00
4.00
3.00
3.00
4.00
3.00
4.00
5.00
2.00
3.00
4.00
4.00
2.00
6.00
4.00
4.00
2.00
2.00
3.00
1.00
4.00
6.00
3.00
1.00
6.00
4.00
3.00
9.00
3.00
3.00
5.00
2.00
7.00
5.00
3.00
6.00
2.00
2.00
10.00
2.00
5.00
6.00
12.00
3.00
5.00
4.00
4.00
1.00
5.00
3.00
5.00
2.00
5.00
2.00
2.00
2.00
2.00
8.00
3.00
4.00
4.00
2.00
1.00
6.00
2.00
6.00
4.00
1.00
3.00
1.00
4.00
2.00
1.00
4.00
1.00
7.00
11.00
1.00
2.00
5.00
6.00
3.00
2.00
3.00
8.00
8.00
3.00
3.00
10.00
4.00
2.00
2.00
3.00
11.00
5.00
5.00
4.00
12.00
2.00
22.00
9.00
6.00
3.00
2.00
5.00
2.00
2.00
2.00
2.00
2.00
2.00
3.00
2.00
3.00
2.00
10.00
4.00
7.00
3.00
4.00
4.00
4.00
6.00
4.00
7.00
2.00
12.00
5.00
1.00
5.00
7.00
1.00
6.00
2.00
2.00
2.00
8.00
1.00
4.00
6.00
2.00
4.00
4.00
2.00
6.00
5.00
4.00
7.00
2.00
9.00
5.00
5.00
6.00
1.00
2.00
2.00
8.00
8.00
1.00
2.00
3.00
4.00
1.00
3.00
3.00
1.00
2.00
7.00
4.00
2.00
2.00
3.00
3.00
2.00
3.00
1.00
2.00
3.00
5.00
1.00
3.00
1.00
2.00
1.00
4.00
2.00
1.00
6.00
1.00
5.00
4.00
4.00
4.00
4.00
4.00
5.00
18.00
5.00
5.00
3.00
3.00
6.00
5.00
9.00
4.00
3.00
1.00
2.00
3.00
1.00
8.00
2.00
4.00
2.00
1.00
5.00
6.00
2.00
20.00
7.00
3.00
4.00
3.00
4.00
2.00
2.00
1.00
3.00
4.00
2.00
2.00
2.00
4.00
1.00
8.00
2.00
16.00
5.00
2.00
1.00
3.00
4.00
2.00
1.00
9.00
2.00
1.00
1.00
2.00
5.00
2.00
4.00
4.00
5.00
1.00
1.00
5.00
3.00
3.00
2.00
2.00
1.00
6.00
2.00
1.00
2.00
2.00
3.00
3.00
1.00
1.00
2.00
1.00
2.00
5.00
2.00
2.00
4.00
3.00
1.00
3.00
4.00
1.00
8.00
2.00
2.00
3.00
2.00
1.00
1.00
2.00
1.00
3.00
1.00
3.00
9.00
2.00
1.00
2.00
2.00
3.00
5.00
2.00
3.00
2.00
2.00
3.00
1.00
1.00
5.00
6.00
5.00
2.00
2.00
1.00
8.00
2.00
6.00
3.00
3.00
4.00
1.00
1.00
3.00
4.00
7.00
1.00
3.00
1.00
2.00
1.00
3.00
1.00
3.00
2.00
2.00
4.00
1.00
6.00
1.00
3.00
6.00
1.00
2.00
3.00
2.00
1.00
6.00
2.00
1.00
4.00
2.00
2.00
3.00
1.00
2.00
2.00
1.00
1.00
3.00
1.00
1.00
2.00
3.00
2.00
1.00
1.00
3.00
2.00
1.00
2.00
1.00
1.00
2.00
1.00
2.00
2.00
13.00
6.00
3.00
4.00
7.00
1.00
1.00
2.00
1.00
2.00
1.00
3.00
2.00
7.00
6.00
2.00
8.00
6.00
1.00
3.00
1.00
1.00
1.00
1.00
3.00
5.00
8.00
4.00
2.00
2.00
3.00
6.00
4.00
2.00
3.00
1.00
1.00
3.00
2.00
2.00
1.00
1.00
2.00
3.00
1.00
3.00
3.00
1.00
2.00
13.00
4.00
4.00
3.00
2.00
9.00
3.00
1.00
3.00
4.00
3.00
1.00
7.00
2.00
2.00
5.00
2.00
1.00
4.00
2.00
1.00
1.00
1.00
3.00
8.00
1.00
1.00
2.00
3.00
1.00
4.00
2.00
5.00
2.00
1.00
2.00
4.00
1.00
4.00
3.00
3.00
1.00
2.00
2.00
2.00
1.00
2.00
1.00
1.00
1.00
2.00
1.00
9.00
5.00
4.00
3.00
1.00
2.00
1.00
1.00
1.00
2.00
2.00
2.00
1.00
2.00
1.00
1.00
2.00
