7.00
26.00
11.00
13.00
14.00
5.00
5.00
19.00
3.00
2.00
7.00
4.00
59.00
15.00
12.00
21.00
13.00
12.00
29.00
3.00
2.00
7.00
3.00
14.00
36.00
6.00
6.00
17.00
3.00
4.00
2.00
5.00
4.00
10.00
20.00
5.00
14.00
9.00
10.00
22.00
10.00
11.00
61.00
19.00
5.00
5.00
9.00
5.00
5.00
3.00
9.00
6.00
1.00
7.00
7.00
12.00
4.00
3.00
3.00
8.00
19.00
6.00
37.00
9.00
7.00
5.00
13.00
6.00
10.00
6.00
13.00
13.00
8.00
5.00
10.00
9.00
5.00
13.00
4.00
8.00
6.00
4.00
3.00
6.00
5.00
5.00
9.00
2.00
5.00
5.00
4.00
69.00
2.00
8.00
4.00
7.00
8.00
5.00
3.00
6.00
13.00
3.00
4.00
6.00
17.00
53.00
12.00
29.00
8.00
3.00
27.00
7.00
5.00
30.00
4.00
6.00
3.00
7.00
4.00
4.00
7.00
7.00
24.00
12.00
8.00
9.00
6.00
7.00
16.00
2.00
2.00
2.00
7.00
3.00
9.00
4.00
5.00
3.00
12.00
14.00
7.00
6.00
4.00
16.00
4.00
48.00
9.00
7.00
16.00
5.00
8.00
4.00
3.00
5.00
6.00
11.00
5.00
15.00
7.00
4.00
5.00
3.00
8.00
4.00
8.00
5.00
3.00
4.00
8.00
3.00
6.00
10.00
4.00
5.00
4.00
4.00
5.00
4.00
2.00
9.00
6.00
6.00
6.00
13.00
9.00
3.00
11.00
13.00
6.00
1.00
5.00
60.00
3.00
3.00
3.00
9.00
15.00
13.00
5.00
20.00
3.00
3.00
4.00
8.00
4.00
5.00
6.00
11.00
5.00
6.00
3.00
6.00
8.00
5.00
8.00
10.00
6.00
15.00
8.00
12.00
14.00
5.00
7.00
5.00
7.00
7.00
9.00
5.00
5.00
4.00
25.00
36.00
10.00
1.00
4.00
7.00
24.00
6.00
2.00
4.00
7.00
7.00
5.00
6.00
12.00
1.00
43.00
9.00
9.00
8.00
4.00
7.00
7.00
3.00
7.00
8.00
12.00
5.00
19.00
5.00
9.00
2.00
6.00
7.00
5.00
4.00
7.00
3.00
31.00
17.00
8.00
14.00
5.00
13.00
7.00
6.00
9.00
1.00
3.00
11.00
5.00
9.00
4.00
4.00
5.00
3.00
6.00
11.00
7.00
8.00
9.00
5.00
10.00
4.00
10.00
6.00
3.00
4.00
8.00
4.00
4.00
3.00
3.00
6.00
13.00
5.00
12.00
2.00
3.00
3.00
14.00
7.00
5.00
3.00
9.00
8.00
6.00
12.00
10.00
7.00
6.00
16.00
8.00
5.00
4.00
4.00
7.00
9.00
4.00
5.00
9.00
4.00
9.00
4.00
9.00
1.00
6.00
3.00
4.00
9.00
5.00
15.00
10.00
11.00
9.00
12.00
5.00
4.00
9.00
13.00
3.00
7.00
3.00
3.00
12.00
2.00
6.00
9.00
5.00
6.00
1.00
28.00
22.00
9.00
43.00
7.00
6.00
5.00
5.00
6.00
11.00
7.00
4.00
6.00
17.00
4.00
5.00
4.00
3.00
2.00
5.00
11.00
3.00
6.00
6.00
88.00
5.00
4.00
3.00
4.00
4.00
3.00
9.00
7.00
2.00
14.00
15.00
8.00
3.00
4.00
7.00
15.00
6.00
7.00
11.00
2.00
9.00
6.00
5.00
5.00
4.00
4.00
5.00
5.00
5.00
6.00
7.00
4.00
4.00
11.00
2.00
5.00
12.00
2.00
8.00
3.00
6.00
3.00
5.00
4.00
6.00
4.00
3.00
3.00
11.00
5.00
3.00
7.00
5.00
3.00
5.00
15.00
2.00
3.00
3.00
6.00
3.00
5.00
9.00
2.00
9.00
3.00
14.00
4.00
5.00
5.00
5.00
2.00
1.00
3.00
13.00
5.00
7.00
9.00
5.00
2.00
5.00
4.00
3.00
3.00
4.00
5.00
5.00
9.00
3.00
16.00
2.00
3.00
6.00
5.00
6.00
6.00
2.00
1.00
4.00
5.00
3.00
1.00
6.00
5.00
6.00
1.00
7.00
2.00
5.00
3.00
2.00
2.00
3.00
2.00
7.00
3.00
4.00
4.00
4.00
19.00
4.00
3.00
2.00
3.00
3.00
1.00
11.00
3.00
5.00
4.00
3.00
5.00
2.00
4.00
2.00
11.00
6.00
1.00
8.00
5.00
6.00
5.00
7.00
2.00
3.00
5.00
5.00
5.00
3.00
3.00
4.00
3.00
1.00
3.00
4.00
1.00
6.00
4.00
2.00
2.00
4.00
9.00
6.00
8.00
7.00
3.00
5.00
2.00
10.00
1.00
10.00
3.00
8.00
2.00
3.00
6.00
9.00
12.00
3.00
3.00
3.00
3.00
2.00
3.00
9.00
4.00
5.00
8.00
9.00
2.00
3.00
2.00
3.00
7.00
3.00
7.00
7.00
4.00
15.00
4.00
5.00
4.00
3.00
4.00
4.00
5.00
4.00
15.00
4.00
5.00
4.00
2.00
2.00
2.00
3.00
4.00
2.00
2.00
10.00
3.00
2.00
8.00
8.00
4.00
1.00
2.00
3.00
6.00
1.00
5.00
3.00
8.00
7.00
5.00
2.00
6.00
3.00
13.00
3.00
1.00
7.00
5.00
3.00
8.00
16.00
2.00
9.00
3.00
16.00
5.00
3.00
21.00
1.00
1.00
2.00
4.00
7.00
3.00
4.00
1.00
4.00
11.00
1.00
2.00
2.00
4.00
4.00
5.00
13.00
9.00
7.00
3.00
4.00
2.00
4.00
3.00
2.00
7.00
4.00
2.00
2.00
18.00
2.00
6.00
4.00
5.00
7.00
3.00
3.00
5.00
3.00
5.00
5.00
5.00
2.00
5.00
2.00
15.00
2.00
2.00
4.00
1.00
15.00
27.00
17.00
5.00
4.00
3.00
7.00
2.00
4.00
7.00
3.00
4.00
2.00
5.00
2.00
2.00
3.00
4.00
6.00
5.00
1.00
4.00
3.00
3.00
4.00
3.00
3.00
4.00
1.00
3.00
7.00
8.00
9.00
1.00
3.00
5.00
6.00
3.00
3.00
4.00
1.00
7.00
8.00
7.00
3.00
2.00
3.00
2.00
4.00
2.00
9.00
3.00
5.00
3.00
1.00
2.00
1.00
6.00
21.00
5.00
8.00
2.00
2.00
3.00
6.00
12.00
2.00
2.00
2.00
5.00
5.00
2.00
2.00
4.00
1.00
7.00
1.00
6.00
1.00
12.00
3.00
6.00
7.00
9.00
1.00
2.00
7.00
3.00
5.00
3.00
5.00
3.00
4.00
11.00
3.00
4.00
12.00
4.00
4.00
7.00
1.00
2.00
5.00
1.00
5.00
6.00
1.00
2.00
4.00
1.00
8.00
22.00
