9.00
47.00
10.00
5.00
18.00
48.00
5.00
54.00
1.00
2.00
9.00
22.00
38.00
22.00
14.00
5.00
10.00
3.00
25.00
5.00
6.00
6.00
4.00
3.00
5.00
52.00
10.00
4.00
24.00
4.00
2.00
17.00
4.00
5.00
16.00
10.00
5.00
12.00
13.00
15.00
7.00
33.00
42.00
2.00
3.00
9.00
19.00
7.00
9.00
1.00
16.00
3.00
5.00
9.00
5.00
10.00
3.00
10.00
3.00
17.00
8.00
15.00
3.00
10.00
2.00
4.00
5.00
7.00
6.00
5.00
5.00
3.00
5.00
6.00
10.00
4.00
9.00
2.00
7.00
11.00
16.00
40.00
3.00
22.00
10.00
10.00
9.00
5.00
7.00
1.00
5.00
7.00
6.00
8.00
22.00
3.00
5.00
5.00
4.00
6.00
4.00
42.00
13.00
3.00
5.00
3.00
12.00
11.00
5.00
28.00
5.00
4.00
12.00
4.00
6.00
32.00
5.00
4.00
6.00
6.00
14.00
5.00
8.00
4.00
5.00
4.00
12.00
5.00
9.00
7.00
5.00
33.00
8.00
50.00
3.00
7.00
12.00
6.00
1.00
4.00
2.00
2.00
6.00
3.00
4.00
7.00
5.00
17.00
4.00
14.00
9.00
21.00
23.00
14.00
10.00
1.00
10.00
3.00
6.00
14.00
45.00
7.00
12.00
4.00
8.00
50.00
7.00
9.00
7.00
3.00
14.00
11.00
43.00
7.00
3.00
4.00
3.00
10.00
2.00
3.00
22.00
5.00
4.00
10.00
9.00
5.00
1.00
11.00
8.00
6.00
3.00
13.00
4.00
7.00
7.00
12.00
15.00
6.00
19.00
6.00
3.00
3.00
8.00
7.00
6.00
5.00
37.00
9.00
8.00
5.00
5.00
5.00
4.00
10.00
4.00
8.00
1.00
3.00
3.00
22.00
4.00
5.00
6.00
7.00
47.00
9.00
33.00
15.00
5.00
6.00
5.00
7.00
7.00
7.00
2.00
42.00
18.00
8.00
2.00
2.00
8.00
4.00
3.00
5.00
2.00
27.00
4.00
8.00
3.00
3.00
4.00
8.00
22.00
7.00
6.00
6.00
8.00
8.00
6.00
27.00
17.00
4.00
7.00
10.00
4.00
3.00
4.00
25.00
4.00
9.00
2.00
7.00
11.00
5.00
5.00
12.00
7.00
4.00
6.00
5.00
6.00
8.00
2.00
3.00
2.00
8.00
5.00
10.00
12.00
12.00
6.00
11.00
4.00
2.00
4.00
2.00
9.00
11.00
1.00
3.00
33.00
5.00
8.00
4.00
7.00
6.00
4.00
60.00
5.00
4.00
3.00
8.00
7.00
5.00
4.00
13.00
8.00
7.00
5.00
3.00
5.00
8.00
10.00
30.00
3.00
11.00
4.00
10.00
6.00
4.00
12.00
7.00
5.00
4.00
5.00
5.00
4.00
5.00
6.00
47.00
3.00
3.00
21.00
4.00
22.00
2.00
6.00
2.00
3.00
1.00
1.00
1.00
5.00
4.00
3.00
8.00
1.00
6.00
1.00
21.00
3.00
6.00
3.00
3.00
5.00
7.00
8.00
3.00
3.00
8.00
5.00
3.00
3.00
2.00
6.00
2.00
11.00
5.00
11.00
3.00
10.00
3.00
3.00
7.00
5.00
2.00
4.00
3.00
9.00
4.00
5.00
9.00
1.00
6.00
44.00
5.00
3.00
5.00
10.00
2.00
2.00
9.00
10.00
4.00
2.00
6.00
39.00
2.00
2.00
6.00
3.00
7.00
11.00
11.00
5.00
4.00
5.00
12.00
13.00
4.00
10.00
2.00
9.00
7.00
8.00
6.00
2.00
5.00
2.00
4.00
7.00
12.00
3.00
6.00
6.00
63.00
3.00
4.00
6.00
6.00
4.00
14.00
3.00
4.00
7.00
2.00
45.00
3.00
13.00
5.00
4.00
13.00
3.00
2.00
5.00
6.00
3.00
4.00
6.00
44.00
5.00
4.00
4.00
10.00
5.00
2.00
4.00
10.00
4.00
3.00
8.00
3.00
17.00
16.00
3.00
2.00
7.00
3.00
2.00
6.00
3.00
2.00
7.00
23.00
4.00
9.00
1.00
3.00
45.00
2.00
11.00
4.00
7.00
74.00
4.00
4.00
3.00
1.00
4.00
3.00
1.00
5.00
4.00
4.00
3.00
2.00
2.00
7.00
4.00
9.00
4.00
5.00
8.00
11.00
3.00
1.00
3.00
2.00
5.00
7.00
3.00
3.00
2.00
2.00
3.00
1.00
4.00
2.00
4.00
4.00
4.00
4.00
6.00
1.00
7.00
2.00
4.00
4.00
4.00
6.00
1.00
7.00
4.00
3.00
8.00
3.00
2.00
1.00
6.00
5.00
4.00
6.00
4.00
2.00
20.00
3.00
7.00
4.00
2.00
2.00
1.00
4.00
2.00
8.00
2.00
1.00
2.00
6.00
4.00
3.00
1.00
3.00
5.00
3.00
2.00
5.00
4.00
5.00
4.00
2.00
3.00
2.00
8.00
7.00
2.00
4.00
2.00
3.00
5.00
5.00
5.00
4.00
1.00
2.00
2.00
1.00
19.00
1.00
4.00
1.00
2.00
4.00
1.00
8.00
3.00
4.00
1.00
2.00
3.00
1.00
3.00
2.00
2.00
3.00
2.00
8.00
2.00
7.00
4.00
4.00
4.00
2.00
7.00
1.00
5.00
5.00
1.00
2.00
8.00
2.00
8.00
21.00
2.00
3.00
5.00
1.00
2.00
2.00
4.00
10.00
2.00
4.00
14.00
6.00
1.00
5.00
3.00
2.00
4.00
3.00
5.00
2.00
4.00
6.00
1.00
22.00
2.00
1.00
8.00
2.00
9.00
7.00
16.00
4.00
2.00
5.00
5.00
3.00
1.00
3.00
2.00
2.00
6.00
3.00
6.00
4.00
2.00
4.00
4.00
1.00
5.00
4.00
9.00
10.00
1.00
5.00
18.00
2.00
5.00
4.00
3.00
3.00
1.00
7.00
1.00
1.00
3.00
6.00
1.00
1.00
3.00
6.00
3.00
3.00
1.00
1.00
3.00
2.00
2.00
2.00
4.00
20.00
4.00
2.00
7.00
3.00
3.00
2.00
8.00
1.00
5.00
4.00
1.00
3.00
2.00
1.00
4.00
4.00
3.00
7.00
3.00
1.00
3.00
5.00
2.00
1.00
22.00
5.00
2.00
2.00
2.00
2.00
35.00
1.00
4.00
3.00
5.00
10.00
6.00
2.00
12.00
1.00
7.00
6.00
5.00
1.00
4.00
2.00
8.00
1.00
3.00
1.00
5.00
6.00
3.00
3.00
2.00
1.00
9.00
1.00
9.00
2.00
5.00
7.00
16.00
5.00
2.00
3.00
1.00
10.00
4.00
4.00
1.00
3.00
1.00
2.00
3.00
1.00
3.00
5.00
1.00
3.00
2.00
2.00
2.00
4.00
2.00
1.00
8.00
3.00
