26.00
13.00
24.00
40.00
14.00
12.00
8.00
13.00
23.00
17.00
12.00
14.00
23.00
12.00
16.00
17.00
12.00
20.00
16.00
19.00
17.00
26.00
26.00
10.00
17.00
22.00
20.00
15.00
20.00
15.00
14.00
13.00
18.00
25.00
13.00
23.00
16.00
12.00
15.00
31.00
17.00
12.00
35.00
18.00
12.00
9.00
21.00
44.00
10.00
14.00
28.00
14.00
8.00
12.00
17.00
13.00
22.00
17.00
13.00
21.00
21.00
18.00
13.00
19.00
21.00
17.00
15.00
11.00
19.00
13.00
15.00
9.00
14.00
16.00
17.00
25.00
8.00
16.00
9.00
24.00
17.00
13.00
15.00
9.00
24.00
6.00
12.00
33.00
22.00
16.00
41.00
21.00
28.00
24.00
19.00
22.00
7.00
21.00
23.00
30.00
14.00
16.00
18.00
21.00
9.00
17.00
23.00
20.00
28.00
11.00
11.00
19.00
14.00
27.00
12.00
26.00
21.00
22.00
20.00
20.00
20.00
16.00
6.00
8.00
13.00
10.00
19.00
25.00
28.00
17.00
13.00
35.00
14.00
18.00
24.00
20.00
25.00
33.00
20.00
16.00
13.00
11.00
22.00
11.00
12.00
14.00
15.00
21.00
18.00
13.00
45.00
12.00
23.00
17.00
19.00
17.00
15.00
22.00
29.00
18.00
14.00
14.00
16.00
16.00
11.00
29.00
15.00
13.00
11.00
11.00
10.00
11.00
15.00
17.00
21.00
13.00
20.00
21.00
20.00
4.00
15.00
9.00
5.00
11.00
15.00
17.00
12.00
27.00
17.00
27.00
7.00
20.00
15.00
16.00
19.00
21.00
27.00
17.00
11.00
16.00
8.00
17.00
13.00
11.00
21.00
29.00
19.00
19.00
16.00
24.00
31.00
20.00
30.00
26.00
15.00
18.00
27.00
15.00
17.00
15.00
22.00
16.00
19.00
26.00
16.00
11.00
17.00
16.00
26.00
12.00
14.00
10.00
14.00
26.00
10.00
19.00
20.00
24.00
14.00
17.00
24.00
19.00
18.00
13.00
18.00
22.00
14.00
23.00
28.00
14.00
15.00
23.00
24.00
13.00
12.00
23.00
20.00
20.00
10.00
18.00
25.00
4.00
22.00
25.00
12.00
11.00
19.00
13.00
20.00
36.00
16.00
14.00
7.00
21.00
19.00
16.00
13.00
19.00
15.00
19.00
21.00
17.00
16.00
21.00
16.00
11.00
19.00
11.00
13.00
14.00
13.00
13.00
9.00
16.00
12.00
12.00
16.00
15.00
13.00
32.00
25.00
16.00
20.00
18.00
18.00
15.00
16.00
9.00
15.00
17.00
12.00
22.00
11.00
12.00
23.00
17.00
3.00
17.00
18.00
16.00
17.00
27.00
13.00
20.00
28.00
16.00
22.00
10.00
11.00
12.00
17.00
16.00
20.00
7.00
19.00
19.00
18.00
17.00
20.00
13.00
15.00
13.00
19.00
9.00
13.00
19.00
23.00
11.00
9.00
17.00
18.00
8.00
19.00
22.00
14.00
11.00
11.00
17.00
12.00
18.00
14.00
12.00
28.00
15.00
14.00
12.00
12.00
19.00
16.00
19.00
12.00
19.00
17.00
13.00
21.00
27.00
18.00
16.00
26.00
15.00
24.00
17.00
22.00
17.00
16.00
13.00
14.00
18.00
12.00
20.00
15.00
12.00
11.00
14.00
17.00
19.00
11.00
18.00
6.00
19.00
21.00
20.00
23.00
16.00
22.00
13.00
14.00
12.00
14.00
23.00
15.00
19.00
16.00
20.00
8.00
21.00
9.00
19.00
23.00
17.00
9.00
9.00
16.00
17.00
17.00
23.00
28.00
11.00
19.00
21.00
14.00
16.00
10.00
27.00
18.00
13.00
11.00
13.00
20.00
21.00
13.00
9.00
6.00
23.00
11.00
27.00
9.00
8.00
20.00
17.00
10.00
18.00
18.00
12.00
23.00
15.00
11.00
18.00
16.00
16.00
33.00
13.00
22.00
15.00
27.00
11.00
16.00
22.00
30.00
21.00
19.00
28.00
7.00
11.00
15.00
17.00
25.00
16.00
29.00
10.00
22.00
18.00
17.00
25.00
21.00
18.00
24.00
6.00
16.00
10.00
13.00
16.00
7.00
18.00
15.00
23.00
18.00
14.00
10.00
28.00
12.00
15.00
22.00
26.00
24.00
19.00
18.00
10.00
17.00
12.00
24.00
7.00
13.00
24.00
16.00
12.00
19.00
16.00
14.00
7.00
17.00
13.00
11.00
13.00
19.00
10.00
10.00
6.00
13.00
18.00
19.00
33.00
11.00
13.00
13.00
9.00
33.00
15.00
16.00
21.00
17.00
16.00
12.00
25.00
31.00
22.00
20.00
26.00
14.00
19.00
13.00
19.00
17.00
11.00
9.00
21.00
17.00
22.00
21.00
19.00
20.00
15.00
15.00
20.00
17.00
17.00
16.00
12.00
13.00
9.00
31.00
8.00
10.00
12.00
20.00
17.00
13.00
8.00
13.00
18.00
11.00
15.00
14.00
18.00
25.00
20.00
23.00
12.00
9.00
15.00
22.00
18.00
15.00
15.00
15.00
24.00
22.00
12.00
16.00
21.00
11.00
15.00
13.00
11.00
5.00
14.00
22.00
16.00
13.00
11.00
16.00
19.00
18.00
20.00
18.00
16.00
13.00
8.00
12.00
11.00
16.00
18.00
21.00
15.00
15.00
31.00
20.00
20.00
18.00
17.00
12.00
12.00
14.00
23.00
15.00
18.00
14.00
23.00
20.00
16.00
11.00
11.00
11.00
13.00
31.00
42.00
10.00
13.00
18.00
20.00
14.00
18.00
7.00
20.00
17.00
12.00
14.00
12.00
17.00
19.00
12.00
11.00
19.00
17.00
10.00
4.00
19.00
17.00
7.00
9.00
12.00
20.00
12.00
10.00
35.00
13.00
2.00
9.00
11.00
21.00
11.00
3.00
20.00
20.00
24.00
19.00
18.00
9.00
23.00
17.00
16.00
12.00
20.00
30.00
23.00
10.00
18.00
23.00
19.00
14.00
19.00
15.00
9.00
19.00
6.00
19.00
12.00
24.00
13.00
13.00
11.00
16.00
7.00
20.00
10.00
15.00
18.00
10.00
18.00
11.00
13.00
26.00
20.00
33.00
17.00
15.00
15.00
16.00
13.00
21.00
15.00
13.00
14.00
16.00
15.00
16.00
10.00
9.00
16.00
20.00
14.00
18.00
17.00
20.00
11.00
10.00
17.00
18.00
13.00
8.00
22.00
25.00
26.00
18.00
14.00
16.00
19.00
19.00
25.00
13.00
15.00
21.00
12.00
5.00
4.00
8.00
19.00
12.00
13.00
17.00
23.00
19.00
10.00
6.00
12.00
10.00
12.00
14.00
27.00
14.00
9.00
3.00
10.00
15.00
18.00
16.00
16.00
19.00
29.00
17.00
16.00
18.00
5.00
11.00
11.00
7.00
5.00
11.00
11.00
16.00
