14.00
9.00
14.00
21.00
42.00
24.00
25.00
20.00
21.00
19.00
23.00
23.00
51.00
46.00
14.00
16.00
19.00
19.00
18.00
17.00
22.00
13.00
22.00
31.00
39.00
32.00
26.00
17.00
8.00
32.00
20.00
21.00
20.00
13.00
18.00
32.00
18.00
16.00
21.00
21.00
23.00
19.00
10.00
17.00
16.00
20.00
16.00
19.00
12.00
17.00
21.00
18.00
46.00
72.00
16.00
25.00
25.00
21.00
69.00
18.00
27.00
20.00
34.00
12.00
21.00
27.00
21.00
11.00
15.00
17.00
43.00
32.00
18.00
20.00
28.00
23.00
20.00
66.00
19.00
23.00
19.00
26.00
19.00
18.00
18.00
20.00
24.00
13.00
28.00
23.00
57.00
20.00
22.00
28.00
14.00
28.00
21.00
35.00
20.00
12.00
21.00
62.00
26.00
25.00
19.00
35.00
14.00
29.00
16.00
23.00
24.00
18.00
21.00
15.00
26.00
25.00
14.00
43.00
30.00
20.00
21.00
41.00
34.00
26.00
22.00
29.00
36.00
21.00
20.00
28.00
36.00
16.00
10.00
28.00
19.00
56.00
17.00
26.00
11.00
16.00
18.00
31.00
9.00
14.00
10.00
25.00
29.00
20.00
18.00
18.00
22.00
13.00
18.00
36.00
21.00
24.00
22.00
13.00
14.00
25.00
14.00
29.00
25.00
18.00
19.00
25.00
23.00
14.00
24.00
15.00
16.00
12.00
17.00
11.00
16.00
23.00
21.00
24.00
34.00
25.00
18.00
30.00
31.00
29.00
23.00
20.00
21.00
21.00
16.00
23.00
22.00
20.00
25.00
35.00
66.00
12.00
25.00
27.00
16.00
41.00
30.00
22.00
28.00
16.00
14.00
31.00
14.00
15.00
18.00
17.00
21.00
24.00
19.00
15.00
31.00
20.00
21.00
14.00
25.00
17.00
21.00
18.00
11.00
25.00
9.00
14.00
18.00
14.00
16.00
21.00
18.00
19.00
15.00
28.00
27.00
32.00
19.00
22.00
25.00
20.00
27.00
53.00
22.00
32.00
22.00
17.00
10.00
40.00
16.00
22.00
12.00
14.00
20.00
20.00
13.00
21.00
18.00
20.00
36.00
19.00
20.00
23.00
22.00
19.00
25.00
14.00
52.00
18.00
16.00
50.00
19.00
22.00
18.00
20.00
18.00
17.00
25.00
22.00
7.00
14.00
18.00
19.00
15.00
44.00
23.00
29.00
16.00
17.00
21.00
19.00
15.00
25.00
24.00
25.00
24.00
22.00
19.00
15.00
16.00
23.00
12.00
18.00
23.00
29.00
18.00
52.00
31.00
24.00
24.00
22.00
18.00
25.00
21.00
14.00
24.00
13.00
19.00
12.00
18.00
36.00
25.00
25.00
22.00
12.00
15.00
25.00
20.00
18.00
23.00
22.00
23.00
24.00
27.00
25.00
15.00
14.00
22.00
17.00
22.00
13.00
21.00
30.00
23.00
16.00
29.00
15.00
24.00
20.00
19.00
23.00
23.00
19.00
18.00
24.00
26.00
46.00
17.00
32.00
15.00
11.00
21.00
22.00
17.00
22.00
35.00
21.00
13.00
29.00
12.00
22.00
20.00
15.00
25.00
35.00
24.00
24.00
20.00
21.00
18.00
24.00
15.00
11.00
14.00
21.00
20.00
22.00
15.00
19.00
17.00
28.00
14.00
11.00
24.00
12.00
26.00
14.00
12.00
16.00
20.00
24.00
15.00
24.00
18.00
37.00
13.00
13.00
16.00
17.00
31.00
10.00
18.00
53.00
19.00
18.00
26.00
27.00
11.00
14.00
10.00
16.00
25.00
18.00
26.00
26.00
32.00
20.00
13.00
19.00
12.00
23.00
22.00
21.00
18.00
15.00
20.00
14.00
26.00
7.00
23.00
21.00
18.00
22.00
27.00
31.00
24.00
20.00
7.00
12.00
21.00
24.00
7.00
21.00
21.00
18.00
19.00
17.00
20.00
16.00
22.00
25.00
27.00
15.00
14.00
25.00
15.00
16.00
19.00
19.00
22.00
17.00
30.00
22.00
11.00
12.00
14.00
50.00
25.00
34.00
29.00
13.00
54.00
16.00
14.00
25.00
25.00
16.00
17.00
25.00
18.00
12.00
34.00
20.00
19.00
17.00
17.00
19.00
16.00
32.00
24.00
17.00
27.00
29.00
16.00
16.00
17.00
20.00
9.00
22.00
29.00
22.00
23.00
12.00
20.00
14.00
30.00
27.00
17.00
17.00
22.00
29.00
13.00
18.00
10.00
24.00
21.00
30.00
17.00
26.00
14.00
15.00
20.00
11.00
26.00
28.00
13.00
18.00
28.00
14.00
39.00
21.00
17.00
18.00
33.00
24.00
18.00
19.00
22.00
18.00
14.00
48.00
37.00
15.00
23.00
19.00
18.00
17.00
31.00
8.00
13.00
16.00
11.00
19.00
20.00
17.00
22.00
18.00
13.00
22.00
22.00
42.00
23.00
21.00
23.00
23.00
11.00
24.00
36.00
29.00
21.00
17.00
23.00
21.00
16.00
25.00
16.00
25.00
14.00
16.00
18.00
24.00
19.00
20.00
21.00
16.00
20.00
22.00
15.00
20.00
15.00
21.00
20.00
24.00
25.00
8.00
18.00
22.00
18.00
20.00
15.00
17.00
12.00
26.00
24.00
15.00
12.00
16.00
21.00
46.00
42.00
13.00
14.00
15.00
21.00
18.00
14.00
21.00
24.00
30.00
13.00
18.00
18.00
22.00
21.00
20.00
10.00
23.00
20.00
40.00
35.00
13.00
24.00
23.00
27.00
17.00
15.00
15.00
34.00
39.00
11.00
22.00
20.00
15.00
13.00
10.00
10.00
25.00
16.00
7.00
16.00
30.00
15.00
12.00
15.00
16.00
21.00
27.00
13.00
13.00
27.00
21.00
19.00
8.00
16.00
13.00
33.00
18.00
15.00
15.00
17.00
25.00
16.00
13.00
16.00
26.00
27.00
22.00
23.00
16.00
22.00
11.00
19.00
18.00
12.00
27.00
13.00
20.00
13.00
15.00
31.00
21.00
26.00
19.00
16.00
31.00
9.00
20.00
19.00
18.00
21.00
21.00
23.00
14.00
13.00
17.00
27.00
19.00
18.00
21.00
16.00
12.00
14.00
14.00
19.00
24.00
13.00
17.00
29.00
19.00
15.00
23.00
24.00
14.00
19.00
29.00
21.00
19.00
31.00
46.00
17.00
20.00
20.00
11.00
11.00
17.00
14.00
17.00
15.00
11.00
20.00
20.00
19.00
14.00
15.00
28.00
12.00
21.00
15.00
24.00
21.00
39.00
14.00
82.00
16.00
10.00
23.00
23.00
28.00
26.00
14.00
16.00
18.00
16.00
24.00
20.00
21.00
18.00
30.00
13.00
20.00
15.00
13.00
14.00
20.00
14.00
13.00
20.00
14.00
22.00
24.00
13.00
19.00
8.00
18.00
25.00
20.00
19.00
12.00
12.00
16.00
14.00
