21.00
13.00
18.00
15.00
18.00
28.00
21.00
16.00
18.00
44.00
17.00
33.00
35.00
26.00
17.00
23.00
18.00
19.00
6.00
18.00
25.00
19.00
10.00
15.00
12.00
22.00
18.00
19.00
17.00
19.00
29.00
18.00
19.00
31.00
15.00
9.00
11.00
21.00
20.00
21.00
21.00
22.00
17.00
22.00
11.00
14.00
20.00
22.00
19.00
23.00
27.00
16.00
13.00
8.00
8.00
12.00
32.00
18.00
51.00
18.00
28.00
20.00
14.00
34.00
16.00
21.00
19.00
12.00
15.00
18.00
20.00
23.00
18.00
26.00
15.00
22.00
9.00
13.00
9.00
15.00
17.00
9.00
14.00
18.00
8.00
20.00
23.00
18.00
13.00
13.00
25.00
38.00
20.00
11.00
10.00
19.00
15.00
25.00
34.00
8.00
19.00
13.00
14.00
48.00
12.00
31.00
15.00
19.00
25.00
17.00
25.00
21.00
25.00
25.00
23.00
30.00
22.00
13.00
55.00
21.00
24.00
17.00
20.00
20.00
11.00
24.00
23.00
23.00
44.00
13.00
53.00
14.00
29.00
32.00
13.00
50.00
24.00
12.00
15.00
13.00
20.00
18.00
25.00
16.00
18.00
13.00
37.00
12.00
15.00
17.00
13.00
23.00
25.00
10.00
23.00
18.00
8.00
13.00
15.00
14.00
14.00
23.00
15.00
14.00
22.00
30.00
21.00
14.00
7.00
22.00
17.00
20.00
19.00
57.00
16.00
24.00
17.00
17.00
17.00
15.00
15.00
14.00
26.00
18.00
71.00
16.00
20.00
19.00
13.00
12.00
19.00
11.00
18.00
13.00
19.00
17.00
21.00
19.00
19.00
14.00
17.00
17.00
22.00
30.00
30.00
9.00
23.00
31.00
14.00
13.00
10.00
33.00
15.00
9.00
31.00
19.00
10.00
15.00
19.00
23.00
13.00
27.00
9.00
20.00
24.00
26.00
26.00
20.00
21.00
49.00
35.00
9.00
9.00
11.00
17.00
12.00
13.00
12.00
19.00
15.00
30.00
18.00
16.00
31.00
19.00
41.00
11.00
10.00
15.00
19.00
14.00
21.00
25.00
18.00
20.00
23.00
23.00
18.00
10.00
15.00
13.00
12.00
27.00
24.00
19.00
22.00
18.00
26.00
54.00
20.00
28.00
16.00
27.00
13.00
12.00
21.00
16.00
12.00
19.00
20.00
19.00
16.00
8.00
25.00
10.00
10.00
14.00
18.00
16.00
11.00
13.00
31.00
21.00
20.00
18.00
19.00
34.00
12.00
18.00
15.00
14.00
51.00
11.00
12.00
14.00
16.00
17.00
26.00
19.00
13.00
13.00
26.00
17.00
31.00
23.00
17.00
18.00
12.00
13.00
30.00
34.00
24.00
20.00
17.00
18.00
27.00
31.00
10.00
28.00
17.00
23.00
51.00
21.00
15.00
20.00
22.00
23.00
11.00
12.00
20.00
28.00
18.00
25.00
20.00
35.00
59.00
11.00
13.00
27.00
20.00
13.00
30.00
16.00
12.00
29.00
11.00
13.00
16.00
10.00
13.00
14.00
20.00
16.00
15.00
20.00
13.00
9.00
13.00
17.00
42.00
33.00
24.00
16.00
18.00
21.00
18.00
18.00
13.00
32.00
16.00
13.00
18.00
16.00
27.00
8.00
21.00
13.00
7.00
28.00
57.00
18.00
27.00
16.00
13.00
21.00
32.00
17.00
18.00
21.00
13.00
14.00
18.00
18.00
15.00
22.00
11.00
9.00
15.00
24.00
20.00
23.00
11.00
9.00
10.00
14.00
25.00
17.00
10.00
33.00
21.00
17.00
18.00
23.00
16.00
13.00
22.00
17.00
16.00
24.00
45.00
23.00
19.00
15.00
17.00
24.00
13.00
17.00
18.00
10.00
19.00
15.00
24.00
12.00
17.00
16.00
14.00
22.00
12.00
17.00
9.00
37.00
10.00
14.00
30.00
17.00
16.00
15.00
13.00
11.00
17.00
21.00
12.00
15.00
29.00
14.00
15.00
16.00
14.00
18.00
17.00
11.00
24.00
13.00
17.00
17.00
19.00
25.00
15.00
19.00
12.00
12.00
12.00
23.00
19.00
17.00
13.00
11.00
11.00
37.00
16.00
28.00
9.00
29.00
17.00
15.00
19.00
11.00
11.00
14.00
20.00
11.00
23.00
15.00
44.00
14.00
7.00
17.00
23.00
18.00
10.00
15.00
15.00
12.00
23.00
14.00
17.00
18.00
15.00
14.00
20.00
21.00
19.00
15.00
9.00
14.00
17.00
22.00
15.00
14.00
19.00
26.00
15.00
15.00
31.00
10.00
15.00
16.00
15.00
13.00
18.00
12.00
13.00
15.00
14.00
17.00
21.00
12.00
23.00
14.00
21.00
16.00
15.00
27.00
17.00
23.00
20.00
11.00
19.00
12.00
13.00
16.00
21.00
16.00
20.00
17.00
14.00
16.00
14.00
19.00
26.00
38.00
17.00
22.00
29.00
13.00
16.00
21.00
19.00
10.00
9.00
28.00
19.00
6.00
15.00
16.00
26.00
15.00
8.00
10.00
27.00
46.00
17.00
25.00
17.00
17.00
22.00
19.00
26.00
14.00
18.00
20.00
13.00
14.00
21.00
21.00
22.00
21.00
9.00
38.00
20.00
27.00
13.00
13.00
44.00
14.00
18.00
24.00
29.00
27.00
18.00
16.00
14.00
15.00
27.00
18.00
19.00
11.00
22.00
19.00
7.00
12.00
18.00
14.00
11.00
41.00
35.00
20.00
14.00
22.00
19.00
13.00
19.00
22.00
26.00
14.00
16.00
19.00
24.00
16.00
14.00
12.00
18.00
12.00
28.00
14.00
10.00
15.00
23.00
14.00
22.00
16.00
18.00
16.00
16.00
22.00
12.00
23.00
20.00
11.00
10.00
31.00
19.00
24.00
18.00
37.00
7.00
10.00
25.00
23.00
15.00
16.00
21.00
21.00
17.00
15.00
20.00
8.00
18.00
13.00
15.00
18.00
8.00
8.00
20.00
21.00
21.00
19.00
9.00
29.00
18.00
25.00
16.00
9.00
12.00
17.00
14.00
20.00
16.00
17.00
21.00
16.00
14.00
11.00
10.00
18.00
14.00
38.00
20.00
5.00
18.00
9.00
20.00
23.00
19.00
19.00
16.00
31.00
17.00
17.00
21.00
17.00
11.00
18.00
6.00
18.00
15.00
22.00
21.00
16.00
15.00
13.00
17.00
14.00
19.00
14.00
18.00
16.00
16.00
9.00
16.00
18.00
23.00
14.00
13.00
16.00
15.00
20.00
15.00
18.00
28.00
17.00
18.00
26.00
13.00
31.00
17.00
15.00
23.00
16.00
14.00
11.00
15.00
31.00
9.00
13.00
18.00
31.00
13.00
20.00
15.00
18.00
8.00
19.00
8.00
11.00
18.00
21.00
13.00
14.00
25.00
6.00
15.00
15.00
18.00
10.00
15.00
26.00
16.00
14.00
13.00
