9.00
46.00
26.00
33.00
9.00
46.00
9.00
14.00
24.00
25.00
34.00
50.00
11.00
17.00
30.00
89.00
15.00
13.00
21.00
14.00
13.00
29.00
16.00
10.00
18.00
8.00
18.00
4.00
43.00
12.00
15.00
22.00
13.00
61.00
6.00
57.00
25.00
5.00
26.00
37.00
19.00
7.00
13.00
14.00
27.00
35.00
8.00
10.00
12.00
9.00
10.00
26.00
7.00
22.00
11.00
12.00
7.00
8.00
16.00
10.00
15.00
10.00
20.00
7.00
46.00
7.00
28.00
22.00
40.00
21.00
21.00
59.00
16.00
18.00
23.00
41.00
25.00
12.00
6.00
19.00
14.00
3.00
10.00
11.00
21.00
13.00
19.00
20.00
8.00
51.00
15.00
18.00
19.00
11.00
38.00
44.00
52.00
19.00
10.00
15.00
13.00
19.00
13.00
21.00
35.00
12.00
11.00
11.00
34.00
17.00
32.00
10.00
53.00
24.00
26.00
115.00
7.00
10.00
30.00
9.00
13.00
63.00
14.00
9.00
8.00
13.00
18.00
10.00
7.00
28.00
18.00
28.00
17.00
7.00
50.00
12.00
14.00
14.00
8.00
18.00
10.00
14.00
13.00
14.00
14.00
14.00
10.00
17.00
5.00
32.00
11.00
6.00
10.00
13.00
23.00
17.00
30.00
29.00
6.00
6.00
23.00
6.00
8.00
15.00
14.00
20.00
9.00
9.00
36.00
24.00
12.00
6.00
31.00
6.00
11.00
9.00
8.00
20.00
9.00
21.00
8.00
17.00
14.00
10.00
29.00
11.00
14.00
33.00
16.00
8.00
10.00
14.00
13.00
53.00
27.00
11.00
6.00
23.00
21.00
26.00
10.00
21.00
41.00
11.00
38.00
17.00
16.00
9.00
12.00
21.00
9.00
15.00
12.00
9.00
11.00
12.00
29.00
36.00
44.00
12.00
11.00
22.00
11.00
16.00
50.00
17.00
12.00
71.00
17.00
16.00
38.00
55.00
10.00
7.00
24.00
15.00
11.00
12.00
26.00
16.00
46.00
23.00
36.00
12.00
54.00
12.00
9.00
49.00
9.00
30.00
19.00
10.00
43.00
19.00
17.00
11.00
9.00
17.00
10.00
8.00
10.00
8.00
13.00
17.00
32.00
25.00
18.00
8.00
15.00
33.00
16.00
24.00
12.00
18.00
8.00
12.00
11.00
14.00
3.00
12.00
18.00
22.00
20.00
6.00
8.00
38.00
9.00
8.00
15.00
31.00
9.00
5.00
9.00
10.00
14.00
15.00
16.00
15.00
15.00
10.00
8.00
22.00
27.00
36.00
28.00
7.00
12.00
20.00
11.00
11.00
15.00
12.00
18.00
10.00
11.00
19.00
7.00
5.00
29.00
15.00
34.00
32.00
15.00
23.00
22.00
12.00
27.00
20.00
11.00
10.00
14.00
17.00
10.00
11.00
15.00
13.00
16.00
13.00
6.00
14.00
27.00
26.00
39.00
10.00
12.00
15.00
13.00
22.00
14.00
13.00
27.00
26.00
19.00
12.00
13.00
62.00
14.00
27.00
20.00
27.00
9.00
12.00
6.00
10.00
9.00
15.00
13.00
17.00
14.00
13.00
43.00
8.00
12.00
18.00
12.00
29.00
9.00
34.00
6.00
7.00
9.00
18.00
9.00
23.00
6.00
13.00
6.00
10.00
21.00
36.00
60.00
8.00
15.00
38.00
13.00
31.00
18.00
25.00
13.00
15.00
5.00
20.00
27.00
31.00
12.00
13.00
13.00
6.00
12.00
15.00
80.00
11.00
21.00
32.00
8.00
12.00
17.00
10.00
15.00
13.00
22.00
7.00
18.00
12.00
18.00
13.00
56.00
3.00
28.00
10.00
21.00
11.00
11.00
8.00
21.00
15.00
20.00
35.00
9.00
10.00
8.00
34.00
11.00
10.00
12.00
5.00
9.00
12.00
13.00
20.00
12.00
7.00
8.00
59.00
4.00
6.00
6.00
11.00
29.00
13.00
18.00
22.00
29.00
12.00
33.00
4.00
31.00
11.00
15.00
34.00
4.00
11.00
14.00
15.00
24.00
9.00
13.00
13.00
5.00
17.00
7.00
12.00
11.00
7.00
8.00
21.00
11.00
8.00
11.00
38.00
13.00
9.00
25.00
17.00
15.00
38.00
17.00
6.00
12.00
19.00
7.00
35.00
47.00
6.00
12.00
9.00
10.00
10.00
9.00
15.00
9.00
7.00
18.00
7.00
10.00
7.00
22.00
10.00
12.00
6.00
38.00
7.00
27.00
15.00
22.00
27.00
8.00
11.00
22.00
49.00
6.00
17.00
15.00
11.00
53.00
28.00
33.00
13.00
11.00
20.00
13.00
7.00
43.00
20.00
14.00
6.00
12.00
4.00
22.00
9.00
15.00
9.00
15.00
14.00
10.00
9.00
7.00
34.00
15.00
15.00
9.00
67.00
7.00
8.00
7.00
12.00
70.00
3.00
10.00
17.00
17.00
13.00
7.00
10.00
17.00
23.00
4.00
10.00
7.00
6.00
12.00
10.00
12.00
11.00
12.00
32.00
51.00
6.00
11.00
14.00
13.00
6.00
29.00
13.00
9.00
16.00
12.00
26.00
11.00
6.00
25.00
14.00
22.00
19.00
11.00
29.00
16.00
51.00
10.00
15.00
15.00
14.00
7.00
21.00
28.00
10.00
14.00
23.00
4.00
13.00
8.00
2.00
13.00
21.00
24.00
16.00
30.00
8.00
10.00
16.00
7.00
17.00
12.00
15.00
14.00
32.00
12.00
10.00
14.00
9.00
54.00
11.00
12.00
5.00
10.00
12.00
12.00
16.00
30.00
6.00
10.00
8.00
53.00
9.00
16.00
9.00
45.00
5.00
32.00
27.00
11.00
49.00
5.00
10.00
4.00
11.00
9.00
22.00
16.00
32.00
11.00
7.00
14.00
16.00
10.00
19.00
11.00
16.00
17.00
3.00
52.00
8.00
17.00
10.00
12.00
15.00
8.00
34.00
58.00
7.00
17.00
16.00
14.00
12.00
13.00
3.00
6.00
6.00
6.00
15.00
5.00
10.00
6.00
9.00
40.00
5.00
13.00
17.00
26.00
6.00
17.00
9.00
10.00
19.00
10.00
23.00
9.00
8.00
6.00
7.00
13.00
11.00
22.00
8.00
7.00
12.00
15.00
13.00
9.00
12.00
18.00
4.00
5.00
12.00
6.00
9.00
11.00
11.00
24.00
5.00
35.00
18.00
10.00
11.00
12.00
15.00
11.00
12.00
15.00
9.00
13.00
44.00
17.00
14.00
6.00
12.00
6.00
22.00
24.00
28.00
13.00
10.00
7.00
5.00
10.00
7.00
10.00
16.00
14.00
12.00
18.00
15.00
10.00
32.00
15.00
52.00
5.00
9.00
14.00
4.00
11.00
9.00
9.00
5.00
18.00
14.00
15.00
10.00
11.00
58.00
10.00
7.00
10.00
9.00
11.00
9.00
7.00
14.00
14.00
3.00
