18.00
14.00
28.00
14.00
28.00
50.00
48.00
17.00
9.00
18.00
16.00
7.00
26.00
19.00
22.00
11.00
17.00
29.00
47.00
13.00
16.00
24.00
17.00
21.00
10.00
25.00
16.00
19.00
11.00
17.00
32.00
26.00
15.00
17.00
14.00
10.00
12.00
13.00
17.00
16.00
7.00
20.00
14.00
16.00
24.00
38.00
20.00
21.00
16.00
9.00
21.00
8.00
13.00
15.00
9.00
21.00
19.00
25.00
20.00
15.00
10.00
17.00
19.00
43.00
14.00
31.00
26.00
18.00
12.00
13.00
12.00
22.00
13.00
17.00
14.00
9.00
21.00
11.00
38.00
15.00
27.00
9.00
12.00
37.00
25.00
12.00
25.00
18.00
11.00
50.00
20.00
17.00
26.00
39.00
15.00
39.00
13.00
20.00
7.00
19.00
32.00
22.00
12.00
43.00
18.00
27.00
17.00
23.00
19.00
9.00
19.00
14.00
19.00
29.00
20.00
10.00
30.00
22.00
10.00
8.00
25.00
17.00
8.00
13.00
9.00
16.00
18.00
29.00
15.00
13.00
18.00
10.00
22.00
97.00
15.00
48.00
8.00
21.00
10.00
20.00
23.00
17.00
14.00
19.00
14.00
16.00
19.00
25.00
16.00
30.00
21.00
15.00
23.00
14.00
17.00
7.00
23.00
13.00
16.00
19.00
25.00
13.00
26.00
22.00
11.00
17.00
24.00
16.00
32.00
18.00
21.00
20.00
20.00
26.00
12.00
20.00
23.00
27.00
17.00
23.00
21.00
9.00
11.00
21.00
14.00
18.00
41.00
24.00
19.00
23.00
11.00
28.00
22.00
15.00
15.00
23.00
27.00
19.00
13.00
7.00
13.00
12.00
24.00
20.00
17.00
20.00
21.00
12.00
18.00
19.00
14.00
4.00
20.00
9.00
16.00
16.00
19.00
17.00
15.00
34.00
17.00
4.00
16.00
23.00
13.00
28.00
18.00
21.00
12.00
19.00
22.00
16.00
24.00
17.00
18.00
39.00
10.00
27.00
20.00
16.00
20.00
15.00
20.00
12.00
16.00
12.00
13.00
14.00
15.00
16.00
18.00
17.00
22.00
31.00
15.00
11.00
27.00
25.00
18.00
10.00
19.00
10.00
18.00
21.00
20.00
18.00
16.00
15.00
16.00
13.00
21.00
12.00
19.00
12.00
14.00
20.00
26.00
9.00
24.00
23.00
8.00
7.00
12.00
11.00
16.00
27.00
17.00
15.00
10.00
11.00
19.00
12.00
17.00
17.00
25.00
9.00
6.00
20.00
19.00
23.00
16.00
15.00
12.00
10.00
15.00
7.00
20.00
14.00
21.00
15.00
15.00
20.00
15.00
16.00
15.00
19.00
16.00
14.00
12.00
25.00
20.00
52.00
34.00
17.00
13.00
21.00
9.00
39.00
27.00
23.00
22.00
11.00
25.00
12.00
12.00
19.00
12.00
22.00
10.00
14.00
15.00
45.00
19.00
21.00
19.00
19.00
18.00
16.00
20.00
14.00
30.00
17.00
24.00
20.00
10.00
14.00
26.00
13.00
32.00
18.00
32.00
18.00
17.00
12.00
9.00
18.00
38.00
16.00
35.00
26.00
16.00
21.00
9.00
50.00
15.00
18.00
14.00
27.00
50.00
12.00
23.00
26.00
20.00
12.00
23.00
11.00
13.00
30.00
11.00
16.00
18.00
13.00
24.00
17.00
12.00
18.00
13.00
9.00
23.00
45.00
9.00
21.00
14.00
19.00
14.00
25.00
18.00
13.00
20.00
19.00
22.00
13.00
16.00
17.00
12.00
12.00
15.00
25.00
8.00
34.00
20.00
18.00
17.00
17.00
13.00
37.00
11.00
22.00
14.00
16.00
22.00
17.00
17.00
25.00
8.00
18.00
10.00
55.00
13.00
12.00
8.00
15.00
22.00
15.00
12.00
11.00
15.00
16.00
27.00
12.00
15.00
14.00
16.00
19.00
23.00
23.00
18.00
16.00
17.00
18.00
17.00
17.00
8.00
15.00
14.00
29.00
18.00
10.00
23.00
11.00
16.00
16.00
12.00
41.00
10.00
13.00
20.00
23.00
16.00
22.00
12.00
20.00
15.00
16.00
25.00
26.00
12.00
9.00
15.00
23.00
15.00
19.00
18.00
13.00
36.00
27.00
13.00
11.00
14.00
14.00
13.00
12.00
19.00
10.00
14.00
15.00
21.00
26.00
9.00
7.00
13.00
32.00
18.00
15.00
15.00
17.00
26.00
6.00
17.00
32.00
13.00
19.00
14.00
15.00
12.00
21.00
15.00
20.00
15.00
14.00
23.00
17.00
20.00
17.00
15.00
29.00
24.00
14.00
8.00
10.00
12.00
19.00
19.00
26.00
20.00
11.00
15.00
13.00
12.00
22.00
17.00
17.00
14.00
13.00
14.00
15.00
76.00
15.00
20.00
14.00
19.00
10.00
16.00
9.00
18.00
18.00
15.00
15.00
15.00
19.00
16.00
8.00
24.00
14.00
20.00
8.00
48.00
7.00
20.00
9.00
16.00
19.00
14.00
10.00
11.00
12.00
23.00
21.00
21.00
21.00
19.00
21.00
12.00
16.00
7.00
12.00
15.00
17.00
7.00
26.00
20.00
12.00
19.00
3.00
13.00
14.00
16.00
6.00
18.00
20.00
15.00
22.00
35.00
10.00
12.00
16.00
23.00
15.00
17.00
19.00
19.00
24.00
19.00
6.00
14.00
23.00
21.00
18.00
13.00
16.00
26.00
23.00
21.00
17.00
18.00
17.00
11.00
63.00
18.00
20.00
17.00
33.00
11.00
9.00
17.00
23.00
12.00
26.00
22.00
17.00
19.00
13.00
20.00
19.00
32.00
32.00
23.00
15.00
24.00
12.00
22.00
5.00
29.00
25.00
12.00
10.00
22.00
25.00
12.00
23.00
10.00
15.00
18.00
14.00
15.00
14.00
12.00
18.00
12.00
36.00
13.00
12.00
7.00
10.00
21.00
12.00
7.00
17.00
51.00
21.00
13.00
18.00
14.00
18.00
16.00
7.00
7.00
16.00
13.00
20.00
12.00
23.00
21.00
12.00
15.00
21.00
19.00
25.00
15.00
23.00
19.00
11.00
18.00
22.00
15.00
15.00
15.00
30.00
8.00
35.00
18.00
24.00
15.00
27.00
11.00
17.00
13.00
18.00
19.00
28.00
18.00
24.00
9.00
13.00
15.00
8.00
26.00
16.00
20.00
29.00
15.00
20.00
7.00
20.00
19.00
16.00
14.00
19.00
17.00
15.00
26.00
13.00
30.00
8.00
15.00
24.00
10.00
17.00
16.00
15.00
9.00
16.00
13.00
15.00
14.00
24.00
14.00
14.00
15.00
11.00
10.00
20.00
14.00
13.00
19.00
23.00
12.00
3.00
10.00
27.00
20.00
7.00
17.00
16.00
14.00
19.00
23.00
18.00
11.00
16.00
19.00
25.00
18.00
15.00
12.00
13.00
16.00
17.00
9.00
18.00
