16.00
15.00
19.00
21.00
18.00
27.00
17.00
17.00
27.00
22.00
27.00
15.00
17.00
29.00
18.00
17.00
26.00
29.00
18.00
10.00
16.00
20.00
11.00
21.00
19.00
20.00
19.00
23.00
18.00
22.00
24.00
24.00
24.00
24.00
25.00
26.00
13.00
15.00
42.00
18.00
14.00
14.00
35.00
7.00
25.00
14.00
29.00
12.00
19.00
24.00
27.00
16.00
18.00
18.00
21.00
22.00
25.00
14.00
17.00
38.00
18.00
21.00
24.00
21.00
20.00
11.00
28.00
15.00
19.00
18.00
28.00
27.00
20.00
17.00
11.00
13.00
16.00
13.00
14.00
41.00
18.00
15.00
11.00
34.00
17.00
13.00
25.00
17.00
13.00
15.00
14.00
19.00
23.00
26.00
25.00
28.00
21.00
14.00
22.00
22.00
26.00
16.00
16.00
17.00
24.00
18.00
23.00
18.00
26.00
26.00
12.00
18.00
21.00
31.00
26.00
24.00
22.00
22.00
23.00
21.00
14.00
21.00
17.00
28.00
13.00
15.00
26.00
13.00
17.00
18.00
14.00
22.00
11.00
26.00
17.00
15.00
31.00
18.00
23.00
27.00
23.00
12.00
21.00
25.00
20.00
17.00
13.00
21.00
21.00
18.00
19.00
21.00
14.00
18.00
25.00
18.00
12.00
22.00
23.00
16.00
8.00
10.00
21.00
24.00
20.00
34.00
16.00
23.00
16.00
21.00
30.00
25.00
13.00
19.00
25.00
18.00
21.00
14.00
29.00
36.00
15.00
17.00
23.00
18.00
17.00
16.00
29.00
20.00
31.00
26.00
37.00
15.00
20.00
23.00
35.00
26.00
13.00
29.00
21.00
27.00
22.00
21.00
22.00
39.00
24.00
17.00
18.00
21.00
18.00
8.00
21.00
20.00
10.00
20.00
18.00
13.00
25.00
21.00
17.00
30.00
20.00
17.00
23.00
18.00
16.00
26.00
25.00
17.00
19.00
14.00
26.00
17.00
23.00
18.00
18.00
24.00
7.00
15.00
19.00
32.00
22.00
24.00
18.00
20.00
24.00
19.00
23.00
32.00
16.00
17.00
23.00
22.00
12.00
15.00
16.00
26.00
28.00
15.00
16.00
14.00
19.00
18.00
13.00
20.00
12.00
25.00
15.00
18.00
33.00
27.00
18.00
26.00
33.00
11.00
22.00
13.00
21.00
27.00
15.00
33.00
24.00
19.00
25.00
10.00
23.00
17.00
23.00
21.00
30.00
9.00
19.00
30.00
21.00
10.00
22.00
34.00
10.00
20.00
15.00
20.00
17.00
17.00
19.00
24.00
19.00
17.00
12.00
8.00
25.00
22.00
14.00
24.00
22.00
11.00
21.00
18.00
24.00
11.00
32.00
20.00
22.00
21.00
16.00
12.00
20.00
20.00
14.00
27.00
12.00
22.00
23.00
18.00
21.00
22.00
13.00
11.00
27.00
18.00
20.00
15.00
20.00
21.00
21.00
31.00
17.00
25.00
16.00
17.00
11.00
19.00
35.00
16.00
20.00
14.00
15.00
26.00
19.00
20.00
27.00
19.00
33.00
23.00
18.00
27.00
20.00
14.00
20.00
24.00
20.00
13.00
29.00
15.00
32.00
26.00
19.00
15.00
24.00
19.00
15.00
27.00
16.00
28.00
9.00
28.00
33.00
38.00
16.00
20.00
16.00
24.00
18.00
24.00
15.00
25.00
15.00
23.00
11.00
25.00
30.00
12.00
21.00
16.00
17.00
16.00
17.00
22.00
16.00
28.00
21.00
16.00
15.00
14.00
19.00
17.00
20.00
27.00
20.00
9.00
20.00
15.00
19.00
25.00
11.00
12.00
14.00
22.00
17.00
24.00
12.00
18.00
14.00
22.00
12.00
16.00
28.00
14.00
19.00
26.00
25.00
21.00
16.00
21.00
17.00
27.00
19.00
15.00
23.00
8.00
37.00
17.00
18.00
18.00
18.00
19.00
17.00
30.00
14.00
22.00
21.00
12.00
27.00
25.00
19.00
20.00
15.00
20.00
16.00
18.00
19.00
29.00
13.00
11.00
25.00
17.00
14.00
31.00
21.00
19.00
18.00
19.00
18.00
13.00
18.00
24.00
32.00
22.00
25.00
22.00
15.00
15.00
14.00
13.00
12.00
17.00
14.00
21.00
18.00
23.00
14.00
19.00
25.00
22.00
18.00
18.00
11.00
16.00
19.00
16.00
19.00
23.00
22.00
16.00
33.00
15.00
20.00
18.00
15.00
9.00
18.00
38.00
11.00
23.00
28.00
10.00
17.00
7.00
19.00
24.00
16.00
16.00
25.00
12.00
17.00
16.00
15.00
21.00
22.00
14.00
16.00
18.00
13.00
15.00
25.00
15.00
23.00
16.00
21.00
20.00
21.00
18.00
31.00
28.00
23.00
20.00
15.00
16.00
13.00
21.00
17.00
13.00
21.00
19.00
20.00
15.00
18.00
7.00
10.00
14.00
13.00
23.00
18.00
22.00
17.00
14.00
21.00
17.00
24.00
48.00
19.00
17.00
16.00
21.00
17.00
16.00
21.00
18.00
16.00
21.00
16.00
18.00
20.00
33.00
14.00
12.00
15.00
29.00
14.00
12.00
12.00
31.00
21.00
16.00
15.00
17.00
21.00
12.00
22.00
14.00
12.00
18.00
20.00
16.00
15.00
19.00
20.00
13.00
18.00
13.00
18.00
24.00
16.00
17.00
19.00
21.00
16.00
19.00
25.00
16.00
22.00
15.00
26.00
15.00
15.00
19.00
18.00
15.00
20.00
17.00
25.00
13.00
19.00
16.00
11.00
7.00
14.00
14.00
18.00
14.00
14.00
22.00
13.00
15.00
18.00
16.00
7.00
13.00
17.00
23.00
23.00
22.00
22.00
15.00
17.00
26.00
13.00
36.00
22.00
14.00
16.00
21.00
18.00
10.00
19.00
13.00
17.00
19.00
23.00
27.00
12.00
20.00
31.00
10.00
17.00
19.00
20.00
12.00
26.00
17.00
10.00
22.00
17.00
27.00
13.00
35.00
25.00
16.00
25.00
21.00
23.00
18.00
16.00
18.00
23.00
7.00
41.00
16.00
24.00
15.00
24.00
17.00
12.00
14.00
12.00
17.00
16.00
13.00
18.00
16.00
18.00
17.00
19.00
20.00
16.00
10.00
8.00
14.00
34.00
20.00
17.00
11.00
6.00
33.00
19.00
27.00
17.00
15.00
21.00
12.00
11.00
17.00
20.00
20.00
8.00
20.00
14.00
13.00
12.00
16.00
15.00
20.00
22.00
24.00
20.00
18.00
14.00
23.00
13.00
14.00
21.00
15.00
22.00
14.00
30.00
13.00
15.00
23.00
41.00
18.00
20.00
21.00
20.00
18.00
31.00
34.00
21.00
20.00
26.00
23.00
14.00
13.00
21.00
10.00
12.00
22.00
22.00
12.00
20.00
20.00
15.00
17.00
12.00
10.00
18.00
27.00
25.00
18.00
17.00
16.00
19.00
17.00
