7.00
19.00
20.00
20.00
21.00
20.00
23.00
15.00
26.00
12.00
25.00
17.00
11.00
30.00
26.00
21.00
32.00
19.00
18.00
15.00
30.00
22.00
25.00
30.00
20.00
31.00
15.00
26.00
14.00
25.00
24.00
9.00
29.00
4.00
34.00
13.00
19.00
25.00
23.00
26.00
16.00
10.00
29.00
26.00
20.00
27.00
27.00
21.00
18.00
31.00
15.00
29.00
28.00
28.00
12.00
16.00
20.00
27.00
20.00
26.00
29.00
21.00
29.00
23.00
18.00
20.00
22.00
41.00
28.00
27.00
4.00
21.00
8.00
13.00
21.00
30.00
18.00
28.00
33.00
19.00
21.00
25.00
7.00
18.00
17.00
23.00
19.00
21.00
31.00
37.00
28.00
22.00
13.00
18.00
23.00
24.00
19.00
22.00
29.00
23.00
24.00
17.00
28.00
12.00
25.00
18.00
10.00
15.00
16.00
25.00
20.00
32.00
16.00
33.00
19.00
30.00
51.00
21.00
17.00
22.00
26.00
8.00
10.00
19.00
23.00
20.00
25.00
22.00
24.00
20.00
29.00
20.00
17.00
24.00
17.00
22.00
39.00
27.00
31.00
23.00
22.00
26.00
18.00
41.00
20.00
33.00
25.00
14.00
16.00
16.00
42.00
42.00
24.00
23.00
22.00
17.00
23.00
27.00
29.00
19.00
23.00
22.00
27.00
21.00
38.00
33.00
25.00
22.00
20.00
25.00
28.00
12.00
19.00
33.00
26.00
22.00
17.00
23.00
21.00
15.00
22.00
19.00
20.00
26.00
25.00
18.00
16.00
22.00
25.00
20.00
22.00
21.00
18.00
27.00
19.00
16.00
17.00
16.00
21.00
12.00
21.00
22.00
20.00
27.00
22.00
15.00
23.00
28.00
38.00
12.00
22.00
16.00
16.00
28.00
21.00
12.00
28.00
15.00
12.00
17.00
21.00
16.00
19.00
13.00
33.00
24.00
17.00
15.00
22.00
37.00
19.00
32.00
19.00
17.00
16.00
25.00
31.00
14.00
7.00
21.00
27.00
15.00
33.00
23.00
20.00
23.00
31.00
17.00
37.00
18.00
24.00
21.00
36.00
17.00
16.00
18.00
28.00
26.00
11.00
20.00
26.00
30.00
34.00
34.00
11.00
19.00
16.00
20.00
26.00
19.00
25.00
20.00
16.00
21.00
26.00
21.00
28.00
21.00
28.00
20.00
27.00
19.00
16.00
13.00
20.00
13.00
20.00
27.00
35.00
21.00
19.00
29.00
25.00
43.00
14.00
22.00
19.00
22.00
21.00
14.00
14.00
15.00
17.00
26.00
30.00
21.00
35.00
20.00
12.00
18.00
18.00
25.00
14.00
24.00
14.00
48.00
32.00
13.00
20.00
28.00
34.00
19.00
32.00
14.00
20.00
28.00
11.00
36.00
22.00
24.00
21.00
18.00
28.00
24.00
23.00
20.00
20.00
17.00
34.00
35.00
12.00
15.00
20.00
15.00
27.00
23.00
31.00
29.00
13.00
15.00
19.00
23.00
23.00
14.00
18.00
31.00
26.00
16.00
44.00
27.00
21.00
12.00
18.00
29.00
16.00
18.00
27.00
14.00
26.00
24.00
29.00
17.00
30.00
29.00
16.00
20.00
29.00
15.00
22.00
28.00
16.00
13.00
11.00
15.00
17.00
27.00
28.00
21.00
12.00
29.00
12.00
24.00
17.00
14.00
20.00
16.00
25.00
16.00
27.00
27.00
16.00
25.00
11.00
22.00
26.00
19.00
21.00
29.00
19.00
21.00
15.00
15.00
8.00
21.00
19.00
21.00
16.00
15.00
28.00
10.00
26.00
30.00
22.00
26.00
17.00
20.00
20.00
26.00
14.00
33.00
17.00
17.00
16.00
33.00
16.00
20.00
16.00
16.00
22.00
12.00
10.00
20.00
23.00
22.00
24.00
21.00
19.00
21.00
21.00
32.00
28.00
34.00
27.00
16.00
24.00
33.00
26.00
17.00
50.00
24.00
20.00
22.00
18.00
15.00
27.00
16.00
27.00
21.00
22.00
23.00
14.00
56.00
16.00
14.00
26.00
14.00
28.00
14.00
6.00
29.00
22.00
18.00
25.00
25.00
33.00
16.00
24.00
14.00
16.00
18.00
46.00
17.00
21.00
20.00
20.00
25.00
30.00
20.00
20.00
32.00
33.00
17.00
25.00
12.00
25.00
29.00
21.00
22.00
17.00
20.00
22.00
29.00
21.00
16.00
24.00
24.00
19.00
20.00
13.00
23.00
26.00
16.00
28.00
23.00
29.00
20.00
14.00
21.00
19.00
28.00
13.00
27.00
26.00
19.00
23.00
11.00
19.00
13.00
21.00
31.00
14.00
27.00
21.00
34.00
19.00
23.00
27.00
25.00
29.00
21.00
26.00
31.00
16.00
26.00
17.00
30.00
25.00
15.00
19.00
17.00
15.00
29.00
24.00
19.00
22.00
17.00
16.00
16.00
22.00
13.00
17.00
16.00
15.00
20.00
27.00
21.00
34.00
28.00
21.00
16.00
24.00
42.00
18.00
19.00
25.00
21.00
10.00
30.00
18.00
35.00
16.00
16.00
15.00
29.00
40.00
25.00
14.00
14.00
23.00
19.00
19.00
9.00
24.00
14.00
22.00
22.00
17.00
26.00
21.00
20.00
18.00
26.00
20.00
23.00
22.00
24.00
23.00
15.00
24.00
5.00
27.00
15.00
16.00
12.00
21.00
22.00
35.00
10.00
18.00
25.00
26.00
21.00
20.00
18.00
17.00
27.00
19.00
24.00
19.00
17.00
17.00
16.00
18.00
14.00
16.00
15.00
16.00
13.00
15.00
18.00
18.00
10.00
21.00
18.00
20.00
25.00
28.00
27.00
24.00
20.00
16.00
22.00
20.00
19.00
27.00
17.00
25.00
15.00
23.00
25.00
14.00
16.00
20.00
25.00
31.00
24.00
18.00
21.00
17.00
24.00
22.00
32.00
26.00
32.00
24.00
17.00
22.00
18.00
13.00
15.00
44.00
21.00
7.00
21.00
27.00
13.00
22.00
25.00
19.00
22.00
20.00
27.00
20.00
33.00
9.00
20.00
29.00
19.00
22.00
21.00
25.00
21.00
20.00
24.00
14.00
21.00
16.00
30.00
22.00
37.00
16.00
25.00
12.00
26.00
23.00
19.00
20.00
22.00
25.00
24.00
14.00
20.00
14.00
24.00
14.00
19.00
13.00
17.00
18.00
17.00
14.00
21.00
26.00
14.00
12.00
26.00
19.00
23.00
21.00
32.00
13.00
7.00
13.00
24.00
16.00
22.00
17.00
17.00
16.00
9.00
24.00
21.00
25.00
18.00
16.00
22.00
17.00
15.00
13.00
23.00
15.00
19.00
24.00
15.00
18.00
24.00
18.00
16.00
18.00
17.00
21.00
23.00
12.00
25.00
23.00
24.00
17.00
16.00
19.00
17.00
15.00
22.00
5.00
19.00
26.00
24.00
6.00
14.00
20.00
29.00
