36.00
19.00
23.00
15.00
24.00
28.00
2.00
10.00
12.00
4.00
32.00
23.00
16.00
26.00
23.00
37.00
24.00
12.00
21.00
22.00
21.00
12.00
17.00
28.00
15.00
26.00
17.00
28.00
32.00
16.00
28.00
27.00
17.00
23.00
23.00
30.00
22.00
35.00
21.00
37.00
18.00
19.00
16.00
63.00
19.00
14.00
10.00
12.00
15.00
19.00
45.00
19.00
28.00
25.00
47.00
30.00
23.00
36.00
44.00
21.00
23.00
35.00
32.00
26.00
22.00
15.00
23.00
24.00
15.00
29.00
24.00
28.00
14.00
21.00
16.00
31.00
26.00
25.00
32.00
22.00
18.00
18.00
25.00
19.00
22.00
13.00
21.00
19.00
16.00
28.00
14.00
15.00
31.00
16.00
18.00
26.00
15.00
14.00
23.00
16.00
35.00
19.00
45.00
30.00
28.00
20.00
22.00
13.00
14.00
22.00
25.00
37.00
29.00
33.00
23.00
24.00
23.00
18.00
21.00
11.00
13.00
9.00
18.00
50.00
18.00
20.00
25.00
22.00
20.00
20.00
33.00
39.00
23.00
18.00
31.00
20.00
49.00
18.00
15.00
32.00
20.00
27.00
28.00
19.00
13.00
17.00
28.00
30.00
19.00
37.00
19.00
26.00
24.00
14.00
29.00
13.00
19.00
14.00
32.00
18.00
25.00
29.00
18.00
29.00
14.00
55.00
15.00
23.00
15.00
6.00
19.00
21.00
14.00
28.00
20.00
36.00
32.00
28.00
13.00
29.00
21.00
17.00
30.00
14.00
26.00
43.00
23.00
20.00
23.00
12.00
33.00
24.00
25.00
17.00
30.00
28.00
28.00
22.00
13.00
16.00
13.00
32.00
19.00
27.00
23.00
31.00
28.00
15.00
28.00
16.00
17.00
33.00
11.00
18.00
14.00
33.00
14.00
9.00
32.00
24.00
28.00
26.00
24.00
40.00
22.00
15.00
28.00
18.00
9.00
30.00
23.00
33.00
36.00
27.00
18.00
35.00
30.00
12.00
17.00
27.00
22.00
17.00
18.00
35.00
16.00
13.00
31.00
32.00
25.00
17.00
20.00
31.00
8.00
37.00
16.00
13.00
25.00
25.00
36.00
18.00
34.00
20.00
24.00
19.00
11.00
19.00
22.00
31.00
16.00
17.00
28.00
18.00
21.00
30.00
20.00
15.00
23.00
12.00
32.00
27.00
17.00
19.00
21.00
30.00
19.00
23.00
22.00
19.00
28.00
25.00
24.00
21.00
14.00
15.00
23.00
20.00
14.00
21.00
15.00
21.00
18.00
19.00
16.00
22.00
15.00
15.00
18.00
28.00
29.00
25.00
13.00
19.00
16.00
23.00
33.00
15.00
37.00
29.00
14.00
20.00
24.00
20.00
22.00
12.00
25.00
43.00
12.00
20.00
12.00
13.00
24.00
24.00
10.00
17.00
18.00
14.00
21.00
18.00
23.00
27.00
19.00
6.00
40.00
19.00
32.00
18.00
28.00
16.00
27.00
29.00
19.00
17.00
23.00
41.00
26.00
43.00
23.00
23.00
23.00
29.00
30.00
11.00
19.00
21.00
15.00
11.00
14.00
16.00
30.00
33.00
39.00
17.00
14.00
17.00
27.00
29.00
22.00
28.00
15.00
19.00
21.00
22.00
26.00
27.00
23.00
21.00
21.00
24.00
19.00
13.00
20.00
17.00
20.00
16.00
11.00
19.00
25.00
25.00
25.00
15.00
22.00
19.00
13.00
16.00
25.00
14.00
22.00
19.00
24.00
21.00
27.00
21.00
38.00
17.00
16.00
27.00
28.00
22.00
26.00
19.00
27.00
31.00
29.00
16.00
20.00
32.00
28.00
11.00
18.00
24.00
21.00
22.00
21.00
13.00
22.00
21.00
31.00
16.00
22.00
22.00
18.00
14.00
25.00
18.00
22.00
14.00
20.00
32.00
25.00
30.00
25.00
19.00
23.00
20.00
26.00
31.00
19.00
21.00
16.00
16.00
17.00
21.00
22.00
14.00
33.00
22.00
19.00
25.00
30.00
23.00
30.00
20.00
21.00
18.00
30.00
12.00
16.00
28.00
22.00
17.00
16.00
24.00
24.00
26.00
12.00
18.00
18.00
29.00
18.00
34.00
28.00
16.00
12.00
14.00
27.00
22.00
18.00
44.00
21.00
16.00
25.00
31.00
21.00
16.00
28.00
24.00
21.00
18.00
14.00
38.00
37.00
18.00
21.00
13.00
18.00
16.00
30.00
26.00
28.00
21.00
13.00
34.00
26.00
15.00
18.00
26.00
18.00
22.00
21.00
20.00
28.00
20.00
20.00
33.00
27.00
17.00
17.00
19.00
17.00
19.00
26.00
23.00
22.00
23.00
23.00
18.00
12.00
27.00
25.00
14.00
18.00
28.00
9.00
25.00
13.00
22.00
20.00
29.00
25.00
15.00
18.00
27.00
23.00
20.00
21.00
29.00
14.00
21.00
21.00
18.00
27.00
11.00
27.00
13.00
19.00
30.00
34.00
23.00
20.00
20.00
22.00
15.00
21.00
17.00
11.00
19.00
15.00
18.00
22.00
26.00
33.00
18.00
27.00
23.00
23.00
25.00
31.00
21.00
19.00
22.00
26.00
19.00
19.00
18.00
27.00
28.00
30.00
31.00
26.00
27.00
19.00
19.00
35.00
24.00
14.00
20.00
22.00
17.00
22.00
22.00
17.00
13.00
32.00
14.00
24.00
22.00
26.00
15.00
30.00
25.00
23.00
13.00
41.00
22.00
17.00
51.00
25.00
21.00
12.00
32.00
29.00
20.00
17.00
13.00
27.00
21.00
17.00
18.00
22.00
9.00
16.00
20.00
14.00
16.00
15.00
27.00
22.00
19.00
17.00
18.00
18.00
37.00
27.00
18.00
20.00
18.00
27.00
41.00
20.00
19.00
18.00
27.00
18.00
34.00
21.00
29.00
21.00
17.00
16.00
23.00
27.00
14.00
19.00
16.00
27.00
14.00
21.00
20.00
22.00
10.00
30.00
22.00
19.00
31.00
24.00
21.00
18.00
21.00
26.00
26.00
17.00
25.00
19.00
14.00
26.00
15.00
27.00
16.00
9.00
18.00
16.00
25.00
25.00
14.00
16.00
17.00
20.00
24.00
20.00
26.00
15.00
13.00
25.00
16.00
22.00
19.00
12.00
12.00
23.00
23.00
20.00
21.00
18.00
19.00
18.00
5.00
22.00
20.00
22.00
16.00
28.00
20.00
20.00
16.00
15.00
34.00
14.00
25.00
19.00
13.00
25.00
39.00
25.00
12.00
23.00
26.00
22.00
23.00
17.00
23.00
24.00
15.00
19.00
21.00
11.00
20.00
7.00
19.00
29.00
45.00
14.00
27.00
21.00
16.00
18.00
19.00
21.00
24.00
21.00
30.00
22.00
26.00
22.00
28.00
32.00
25.00
15.00
8.00
28.00
27.00
25.00
20.00
26.00
25.00
11.00
30.00
22.00
18.00
23.00
14.00
