9.00
16.00
22.00
10.00
30.00
11.00
31.00
26.00
12.00
22.00
19.00
25.00
17.00
21.00
22.00
21.00
15.00
21.00
14.00
18.00
19.00
16.00
11.00
12.00
33.00
11.00
19.00
25.00
25.00
30.00
21.00
15.00
12.00
21.00
27.00
6.00
20.00
32.00
18.00
22.00
19.00
23.00
17.00
21.00
10.00
30.00
21.00
35.00
17.00
32.00
25.00
18.00
22.00
24.00
33.00
16.00
26.00
19.00
22.00
19.00
15.00
35.00
20.00
22.00
18.00
15.00
45.00
29.00
21.00
33.00
15.00
24.00
21.00
25.00
31.00
29.00
37.00
23.00
26.00
21.00
19.00
15.00
30.00
20.00
7.00
24.00
35.00
26.00
15.00
24.00
14.00
21.00
28.00
19.00
23.00
20.00
23.00
31.00
17.00
17.00
21.00
28.00
17.00
18.00
27.00
27.00
30.00
21.00
21.00
31.00
14.00
18.00
15.00
22.00
26.00
22.00
24.00
20.00
19.00
14.00
17.00
20.00
25.00
16.00
17.00
20.00
23.00
21.00
22.00
15.00
23.00
14.00
25.00
21.00
60.00
34.00
15.00
26.00
33.00
35.00
29.00
25.00
9.00
25.00
26.00
33.00
30.00
21.00
12.00
15.00
21.00
33.00
43.00
22.00
23.00
17.00
22.00
12.00
28.00
26.00
27.00
23.00
20.00
11.00
16.00
31.00
25.00
35.00
21.00
27.00
7.00
22.00
25.00
27.00
18.00
33.00
24.00
20.00
13.00
19.00
25.00
24.00
27.00
25.00
18.00
15.00
23.00
17.00
18.00
30.00
19.00
29.00
33.00
22.00
16.00
22.00
22.00
37.00
22.00
33.00
22.00
19.00
21.00
37.00
15.00
11.00
19.00
30.00
12.00
14.00
35.00
27.00
31.00
26.00
25.00
50.00
31.00
29.00
21.00
13.00
24.00
33.00
32.00
12.00
25.00
25.00
25.00
15.00
8.00
15.00
46.00
10.00
20.00
13.00
26.00
20.00
20.00
19.00
16.00
11.00
25.00
36.00
30.00
23.00
20.00
13.00
35.00
22.00
24.00
9.00
65.00
22.00
52.00
31.00
27.00
22.00
15.00
13.00
13.00
14.00
18.00
21.00
25.00
45.00
20.00
14.00
24.00
32.00
17.00
24.00
21.00
15.00
37.00
21.00
23.00
24.00
21.00
28.00
26.00
26.00
16.00
19.00
46.00
16.00
18.00
17.00
23.00
29.00
26.00
25.00
45.00
30.00
24.00
24.00
11.00
16.00
37.00
22.00
17.00
33.00
25.00
21.00
28.00
28.00
13.00
26.00
16.00
24.00
13.00
13.00
17.00
16.00
12.00
47.00
16.00
21.00
16.00
15.00
14.00
19.00
14.00
27.00
33.00
16.00
16.00
31.00
33.00
13.00
22.00
16.00
23.00
15.00
26.00
21.00
24.00
17.00
26.00
18.00
17.00
14.00
24.00
29.00
13.00
17.00
18.00
15.00
21.00
17.00
21.00
31.00
19.00
16.00
23.00
19.00
25.00
16.00
22.00
14.00
19.00
15.00
14.00
18.00
23.00
25.00
20.00
16.00
16.00
20.00
18.00
19.00
19.00
25.00
34.00
20.00
22.00
24.00
17.00
21.00
20.00
15.00
22.00
20.00
14.00
16.00
39.00
28.00
26.00
19.00
22.00
25.00
22.00
15.00
30.00
11.00
37.00
15.00
18.00
37.00
26.00
15.00
33.00
18.00
18.00
14.00
21.00
10.00
20.00
14.00
19.00
23.00
25.00
20.00
23.00
19.00
12.00
17.00
17.00
25.00
27.00
16.00
25.00
25.00
14.00
12.00
17.00
22.00
36.00
28.00
18.00
22.00
21.00
27.00
14.00
17.00
27.00
39.00
26.00
14.00
17.00
28.00
17.00
26.00
30.00
23.00
23.00
17.00
21.00
20.00
21.00
27.00
6.00
24.00
33.00
16.00
23.00
21.00
18.00
10.00
24.00
24.00
15.00
24.00
17.00
19.00
24.00
22.00
19.00
14.00
17.00
20.00
15.00
25.00
11.00
6.00
18.00
27.00
18.00
16.00
23.00
18.00
19.00
20.00
39.00
21.00
26.00
23.00
12.00
21.00
17.00
15.00
14.00
21.00
11.00
21.00
17.00
40.00
23.00
21.00
23.00
17.00
20.00
22.00
39.00
27.00
24.00
17.00
31.00
16.00
26.00
32.00
22.00
31.00
16.00
20.00
16.00
16.00
8.00
25.00
15.00
33.00
27.00
23.00
30.00
11.00
22.00
28.00
14.00
25.00
17.00
33.00
17.00
20.00
18.00
21.00
21.00
20.00
22.00
26.00
18.00
17.00
16.00
43.00
22.00
25.00
18.00
16.00
14.00
20.00
19.00
19.00
17.00
16.00
21.00
14.00
24.00
26.00
21.00
16.00
9.00
14.00
22.00
14.00
18.00
16.00
24.00
25.00
46.00
14.00
27.00
21.00
13.00
21.00
28.00
14.00
16.00
17.00
21.00
19.00
20.00
34.00
16.00
26.00
18.00
24.00
10.00
21.00
24.00
20.00
9.00
23.00
25.00
29.00
20.00
27.00
24.00
21.00
26.00
34.00
30.00
21.00
31.00
22.00
22.00
20.00
22.00
15.00
19.00
38.00
22.00
28.00
17.00
16.00
20.00
19.00
16.00
22.00
29.00
22.00
9.00
18.00
23.00
22.00
34.00
21.00
18.00
21.00
26.00
14.00
18.00
17.00
24.00
15.00
12.00
19.00
22.00
20.00
22.00
22.00
26.00
26.00
18.00
15.00
13.00
25.00
13.00
21.00
26.00
24.00
23.00
19.00
15.00
27.00
13.00
21.00
23.00
20.00
21.00
22.00
25.00
24.00
11.00
16.00
22.00
22.00
11.00
33.00
27.00
23.00
26.00
24.00
17.00
15.00
20.00
17.00
24.00
19.00
11.00
9.00
26.00
17.00
25.00
27.00
18.00
16.00
15.00
11.00
8.00
12.00
18.00
7.00
14.00
17.00
17.00
24.00
27.00
18.00
19.00
18.00
17.00
15.00
18.00
15.00
17.00
16.00
15.00
17.00
12.00
29.00
21.00
23.00
20.00
19.00
30.00
21.00
21.00
22.00
10.00
22.00
40.00
9.00
21.00
16.00
23.00
25.00
26.00
32.00
11.00
22.00
13.00
20.00
17.00
24.00
14.00
25.00
35.00
20.00
29.00
14.00
17.00
21.00
12.00
14.00
16.00
30.00
17.00
8.00
19.00
16.00
17.00
17.00
15.00
33.00
37.00
26.00
11.00
24.00
19.00
19.00
27.00
20.00
25.00
20.00
24.00
13.00
40.00
12.00
14.00
31.00
22.00
22.00
21.00
18.00
17.00
20.00
17.00
28.00
25.00
29.00
15.00
21.00
17.00
27.00
19.00
31.00
10.00
22.00
15.00
28.00
29.00
16.00
7.00
29.00
28.00
29.00
22.00
12.00
30.00
10.00
16.00
30.00
