16.00
41.00
26.00
130.00
11.00
11.00
14.00
11.00
8.00
36.00
18.00
15.00
28.00
23.00
27.00
16.00
26.00
17.00
23.00
22.00
16.00
17.00
22.00
19.00
22.00
12.00
39.00
31.00
12.00
22.00
14.00
16.00
17.00
30.00
20.00
20.00
25.00
10.00
25.00
24.00
20.00
28.00
19.00
16.00
20.00
27.00
35.00
18.00
13.00
16.00
12.00
17.00
20.00
15.00
12.00
28.00
17.00
18.00
21.00
23.00
43.00
16.00
39.00
13.00
43.00
13.00
17.00
13.00
35.00
14.00
10.00
18.00
8.00
24.00
12.00
13.00
17.00
23.00
25.00
16.00
8.00
38.00
31.00
16.00
16.00
12.00
24.00
20.00
62.00
19.00
27.00
39.00
22.00
17.00
24.00
18.00
21.00
33.00
18.00
46.00
16.00
24.00
17.00
22.00
15.00
20.00
19.00
17.00
31.00
14.00
25.00
14.00
23.00
11.00
18.00
15.00
17.00
15.00
15.00
37.00
23.00
30.00
11.00
16.00
24.00
23.00
23.00
17.00
16.00
24.00
23.00
11.00
20.00
19.00
45.00
12.00
17.00
16.00
12.00
17.00
29.00
12.00
26.00
13.00
15.00
16.00
13.00
18.00
17.00
28.00
19.00
10.00
25.00
15.00
24.00
16.00
17.00
22.00
28.00
14.00
16.00
20.00
21.00
17.00
31.00
14.00
22.00
26.00
18.00
16.00
19.00
17.00
28.00
15.00
23.00
28.00
15.00
13.00
27.00
11.00
28.00
18.00
18.00
15.00
10.00
24.00
39.00
11.00
19.00
18.00
19.00
17.00
17.00
17.00
14.00
14.00
18.00
11.00
15.00
14.00
21.00
14.00
17.00
15.00
13.00
16.00
25.00
29.00
10.00
15.00
97.00
9.00
7.00
17.00
11.00
20.00
15.00
20.00
10.00
23.00
43.00
16.00
58.00
20.00
76.00
48.00
13.00
19.00
13.00
18.00
13.00
18.00
19.00
23.00
35.00
13.00
15.00
19.00
15.00
24.00
25.00
17.00
20.00
15.00
22.00
8.00
9.00
15.00
13.00
19.00
13.00
24.00
28.00
21.00
27.00
23.00
16.00
21.00
14.00
48.00
14.00
5.00
24.00
28.00
28.00
26.00
22.00
16.00
17.00
27.00
26.00
17.00
19.00
15.00
19.00
31.00
25.00
41.00
27.00
30.00
20.00
15.00
8.00
17.00
22.00
27.00
15.00
18.00
49.00
18.00
21.00
12.00
9.00
19.00
14.00
19.00
19.00
14.00
17.00
28.00
17.00
24.00
14.00
17.00
12.00
18.00
12.00
35.00
22.00
25.00
6.00
15.00
16.00
12.00
26.00
25.00
20.00
32.00
15.00
16.00
18.00
10.00
13.00
17.00
11.00
24.00
12.00
10.00
61.00
34.00
14.00
18.00
15.00
15.00
15.00
13.00
20.00
13.00
27.00
20.00
25.00
24.00
15.00
22.00
23.00
14.00
31.00
18.00
17.00
15.00
17.00
14.00
17.00
30.00
20.00
28.00
43.00
24.00
14.00
30.00
15.00
27.00
18.00
21.00
22.00
22.00
18.00
21.00
25.00
23.00
21.00
16.00
19.00
34.00
15.00
22.00
82.00
11.00
20.00
14.00
17.00
19.00
19.00
16.00
14.00
22.00
21.00
16.00
27.00
16.00
24.00
19.00
12.00
13.00
11.00
20.00
20.00
18.00
20.00
15.00
17.00
17.00
10.00
19.00
16.00
17.00
11.00
27.00
15.00
21.00
19.00
11.00
29.00
12.00
21.00
20.00
23.00
11.00
14.00
20.00
31.00
21.00
23.00
21.00
14.00
12.00
22.00
17.00
15.00
22.00
23.00
16.00
14.00
15.00
27.00
25.00
21.00
13.00
31.00
15.00
19.00
18.00
14.00
10.00
15.00
25.00
14.00
23.00
16.00
10.00
18.00
26.00
22.00
20.00
18.00
34.00
26.00
8.00
16.00
13.00
14.00
11.00
45.00
12.00
20.00
11.00
11.00
13.00
14.00
15.00
13.00
12.00
20.00
27.00
20.00
17.00
17.00
21.00
18.00
14.00
19.00
18.00
53.00
13.00
23.00
20.00
13.00
22.00
21.00
21.00
13.00
14.00
27.00
17.00
19.00
17.00
10.00
21.00
14.00
16.00
18.00
10.00
76.00
23.00
10.00
16.00
19.00
18.00
18.00
9.00
19.00
24.00
25.00
14.00
39.00
21.00
16.00
20.00
19.00
16.00
11.00
43.00
11.00
16.00
24.00
17.00
14.00
22.00
17.00
33.00
22.00
28.00
18.00
16.00
13.00
15.00
14.00
19.00
17.00
28.00
40.00
13.00
10.00
24.00
18.00
28.00
22.00
18.00
23.00
16.00
18.00
23.00
26.00
15.00
25.00
27.00
14.00
21.00
9.00
18.00
12.00
18.00
16.00
6.00
29.00
17.00
22.00
9.00
14.00
14.00
13.00
25.00
20.00
14.00
16.00
17.00
20.00
18.00
23.00
20.00
35.00
14.00
13.00
13.00
11.00
17.00
16.00
8.00
17.00
29.00
29.00
13.00
20.00
10.00
15.00
17.00
21.00
11.00
13.00
23.00
14.00
9.00
37.00
18.00
11.00
17.00
22.00
12.00
17.00
6.00
12.00
16.00
18.00
17.00
31.00
27.00
27.00
30.00
16.00
19.00
13.00
17.00
11.00
15.00
18.00
11.00
23.00
19.00
30.00
8.00
18.00
22.00
17.00
11.00
7.00
11.00
15.00
21.00
12.00
15.00
55.00
17.00
16.00
29.00
16.00
14.00
20.00
17.00
11.00
25.00
16.00
15.00
14.00
51.00
21.00
20.00
18.00
15.00
14.00
17.00
15.00
21.00
27.00
14.00
21.00
21.00
18.00
13.00
19.00
19.00
15.00
15.00
31.00
21.00
68.00
8.00
39.00
25.00
13.00
13.00
25.00
18.00
26.00
17.00
10.00
25.00
9.00
31.00
17.00
17.00
18.00
36.00
18.00
16.00
14.00
19.00
34.00
14.00
15.00
23.00
17.00
15.00
15.00
21.00
20.00
11.00
13.00
10.00
10.00
13.00
19.00
24.00
16.00
13.00
16.00
16.00
27.00
17.00
8.00
20.00
16.00
16.00
25.00
17.00
11.00
28.00
23.00
14.00
8.00
28.00
12.00
15.00
21.00
17.00
20.00
22.00
22.00
20.00
7.00
16.00
39.00
20.00
13.00
15.00
22.00
11.00
11.00
14.00
17.00
31.00
13.00
18.00
14.00
9.00
15.00
17.00
18.00
15.00
20.00
18.00
16.00
22.00
17.00
5.00
14.00
14.00
8.00
15.00
34.00
16.00
39.00
12.00
17.00
12.00
11.00
25.00
16.00
16.00
25.00
16.00
19.00
22.00
31.00
13.00
16.00
23.00
17.00
19.00
19.00
17.00
17.00
15.00
20.00
21.00
10.00
12.00
19.00
4.00
13.00
19.00
