7.00
34.00
16.00
21.00
25.00
19.00
24.00
11.00
20.00
5.00
12.00
18.00
34.00
37.00
31.00
11.00
11.00
24.00
3.00
9.00
4.00
11.00
13.00
38.00
11.00
6.00
29.00
6.00
11.00
31.00
18.00
20.00
17.00
14.00
33.00
11.00
10.00
13.00
14.00
14.00
26.00
5.00
18.00
16.00
11.00
30.00
16.00
13.00
67.00
19.00
8.00
10.00
34.00
11.00
14.00
17.00
21.00
11.00
6.00
7.00
32.00
5.00
10.00
3.00
7.00
25.00
20.00
5.00
15.00
7.00
7.00
11.00
5.00
24.00
15.00
14.00
37.00
10.00
13.00
13.00
22.00
12.00
16.00
18.00
19.00
14.00
31.00
5.00
19.00
43.00
8.00
24.00
16.00
11.00
34.00
15.00
13.00
7.00
13.00
6.00
16.00
46.00
12.00
30.00
14.00
9.00
5.00
28.00
13.00
19.00
11.00
8.00
24.00
14.00
13.00
7.00
13.00
27.00
6.00
13.00
32.00
12.00
17.00
29.00
13.00
20.00
7.00
25.00
3.00
8.00
10.00
18.00
8.00
17.00
18.00
15.00
11.00
11.00
27.00
5.00
14.00
62.00
11.00
7.00
16.00
6.00
13.00
9.00
20.00
16.00
8.00
17.00
10.00
8.00
5.00
7.00
12.00
20.00
9.00
16.00
22.00
15.00
7.00
17.00
8.00
7.00
14.00
10.00
39.00
9.00
14.00
8.00
13.00
4.00
18.00
23.00
17.00
9.00
12.00
6.00
17.00
24.00
21.00
28.00
10.00
22.00
13.00
31.00
22.00
26.00
14.00
28.00
8.00
35.00
9.00
36.00
8.00
17.00
19.00
25.00
13.00
25.00
62.00
16.00
29.00
31.00
7.00
16.00
7.00
10.00
36.00
10.00
28.00
8.00
16.00
6.00
12.00
19.00
24.00
21.00
7.00
14.00
15.00
13.00
10.00
6.00
30.00
11.00
8.00
5.00
14.00
11.00
7.00
9.00
34.00
11.00
5.00
15.00
13.00
23.00
22.00
46.00
11.00
13.00
20.00
9.00
37.00
6.00
7.00
5.00
11.00
57.00
15.00
19.00
15.00
5.00
23.00
10.00
5.00
13.00
13.00
22.00
20.00
14.00
10.00
15.00
32.00
13.00
15.00
9.00
27.00
19.00
7.00
13.00
10.00
8.00
10.00
7.00
9.00
9.00
29.00
8.00
20.00
12.00
12.00
13.00
11.00
20.00
14.00
15.00
4.00
20.00
12.00
12.00
8.00
11.00
19.00
15.00
10.00
26.00
12.00
11.00
8.00
7.00
3.00
6.00
14.00
15.00
6.00
10.00
32.00
14.00
14.00
14.00
24.00
5.00
25.00
7.00
23.00
23.00
17.00
21.00
2.00
28.00
12.00
6.00
10.00
6.00
13.00
15.00
15.00
4.00
14.00
18.00
25.00
20.00
35.00
8.00
8.00
8.00
9.00
27.00
6.00
30.00
7.00
23.00
7.00
24.00
11.00
24.00
16.00
7.00
8.00
30.00
18.00
7.00
15.00
3.00
30.00
14.00
6.00
10.00
6.00
15.00
22.00
18.00
14.00
7.00
9.00
21.00
5.00
7.00
9.00
8.00
6.00
18.00
25.00
29.00
20.00
14.00
12.00
15.00
15.00
9.00
12.00
8.00
6.00
13.00
7.00
13.00
8.00
4.00
8.00
17.00
15.00
15.00
38.00
12.00
39.00
10.00
15.00
6.00
11.00
17.00
13.00
11.00
19.00
9.00
15.00
28.00
5.00
9.00
21.00
18.00
5.00
13.00
14.00
16.00
3.00
18.00
23.00
10.00
11.00
6.00
9.00
6.00
10.00
32.00
15.00
17.00
8.00
18.00
32.00
15.00
4.00
7.00
20.00
16.00
12.00
45.00
17.00
10.00
43.00
10.00
13.00
12.00
24.00
23.00
11.00
10.00
3.00
10.00
28.00
57.00
24.00
18.00
8.00
14.00
10.00
15.00
16.00
18.00
6.00
6.00
10.00
9.00
1.00
9.00
5.00
12.00
10.00
6.00
30.00
21.00
8.00
27.00
13.00
25.00
7.00
9.00
19.00
8.00
12.00
11.00
11.00
17.00
9.00
6.00
16.00
12.00
10.00
16.00
12.00
10.00
11.00
21.00
9.00
7.00
6.00
10.00
11.00
53.00
23.00
4.00
51.00
10.00
14.00
14.00
19.00
8.00
8.00
10.00
9.00
4.00
15.00
7.00
11.00
9.00
21.00
9.00
6.00
16.00
6.00
5.00
20.00
5.00
13.00
11.00
20.00
11.00
50.00
4.00
24.00
6.00
8.00
8.00
14.00
13.00
10.00
8.00
9.00
22.00
3.00
23.00
11.00
9.00
14.00
5.00
14.00
5.00
19.00
6.00
13.00
10.00
8.00
21.00
66.00
27.00
12.00
10.00
9.00
8.00
4.00
8.00
6.00
6.00
5.00
9.00
8.00
26.00
27.00
4.00
13.00
31.00
8.00
18.00
9.00
19.00
8.00
13.00
17.00
14.00
8.00
9.00
18.00
11.00
10.00
5.00
18.00
18.00
59.00
25.00
25.00
11.00
9.00
4.00
36.00
14.00
6.00
17.00
24.00
38.00
9.00
8.00
5.00
5.00
10.00
50.00
47.00
30.00
9.00
44.00
9.00
8.00
5.00
5.00
10.00
12.00
4.00
9.00
7.00
4.00
9.00
7.00
9.00
3.00
10.00
5.00
10.00
9.00
33.00
23.00
29.00
7.00
16.00
10.00
12.00
9.00
9.00
8.00
56.00
4.00
76.00
9.00
55.00
5.00
22.00
8.00
11.00
7.00
13.00
8.00
18.00
4.00
3.00
11.00
10.00
8.00
10.00
3.00
8.00
9.00
9.00
21.00
8.00
12.00
15.00
10.00
7.00
8.00
7.00
4.00
16.00
9.00
12.00
20.00
18.00
5.00
6.00
11.00
5.00
7.00
10.00
47.00
9.00
8.00
14.00
9.00
44.00
10.00
13.00
6.00
10.00
13.00
12.00
8.00
14.00
15.00
8.00
29.00
27.00
5.00
5.00
15.00
12.00
4.00
19.00
8.00
10.00
15.00
10.00
10.00
3.00
18.00
9.00
10.00
5.00
10.00
8.00
4.00
14.00
9.00
5.00
44.00
16.00
13.00
5.00
35.00
12.00
15.00
5.00
3.00
5.00
5.00
11.00
12.00
11.00
7.00
12.00
14.00
7.00
17.00
11.00
7.00
12.00
3.00
2.00
7.00
5.00
12.00
16.00
22.00
6.00
14.00
13.00
6.00
12.00
16.00
3.00
3.00
10.00
10.00
6.00
12.00
9.00
8.00
16.00
3.00
3.00
6.00
20.00
3.00
4.00
4.00
10.00
15.00
13.00
5.00
13.00
7.00
6.00
9.00
25.00
43.00
41.00
21.00
4.00
13.00
8.00
7.00
3.00
4.00
8.00
23.00
10.00
8.00
12.00
8.00
17.00
4.00
