1.00
19.00
13.00
10.00
7.00
41.00
29.00
16.00
6.00
8.00
25.00
11.00
24.00
53.00
6.00
42.00
21.00
3.00
25.00
6.00
16.00
7.00
7.00
11.00
14.00
24.00
16.00
16.00
25.00
9.00
13.00
34.00
32.00
10.00
42.00
8.00
11.00
14.00
16.00
14.00
9.00
4.00
46.00
19.00
15.00
22.00
32.00
7.00
27.00
10.00
13.00
31.00
23.00
18.00
27.00
16.00
14.00
3.00
9.00
7.00
4.00
5.00
32.00
2.00
19.00
7.00
18.00
12.00
6.00
28.00
10.00
14.00
14.00
23.00
12.00
22.00
5.00
34.00
4.00
10.00
20.00
7.00
18.00
16.00
8.00
25.00
22.00
18.00
11.00
8.00
7.00
11.00
16.00
12.00
10.00
13.00
89.00
14.00
13.00
12.00
11.00
9.00
14.00
20.00
6.00
16.00
9.00
17.00
21.00
21.00
11.00
21.00
10.00
19.00
26.00
9.00
14.00
9.00
28.00
11.00
5.00
11.00
15.00
6.00
7.00
53.00
7.00
13.00
20.00
36.00
20.00
28.00
16.00
28.00
6.00
29.00
10.00
12.00
16.00
34.00
15.00
23.00
9.00
10.00
10.00
32.00
18.00
8.00
7.00
11.00
10.00
13.00
12.00
12.00
59.00
12.00
50.00
10.00
8.00
13.00
13.00
23.00
8.00
6.00
6.00
9.00
26.00
11.00
18.00
10.00
5.00
28.00
18.00
13.00
17.00
8.00
17.00
16.00
8.00
5.00
17.00
9.00
34.00
21.00
15.00
13.00
14.00
23.00
28.00
6.00
3.00
7.00
31.00
16.00
11.00
12.00
14.00
8.00
9.00
39.00
22.00
12.00
9.00
3.00
16.00
13.00
22.00
8.00
49.00
22.00
15.00
13.00
14.00
23.00
22.00
13.00
8.00
18.00
15.00
46.00
45.00
10.00
32.00
16.00
17.00
21.00
7.00
13.00
11.00
11.00
9.00
21.00
8.00
20.00
15.00
34.00
23.00
13.00
8.00
15.00
15.00
39.00
13.00
13.00
22.00
8.00
22.00
8.00
12.00
7.00
8.00
19.00
10.00
20.00
12.00
19.00
23.00
24.00
5.00
20.00
9.00
12.00
13.00
24.00
38.00
16.00
8.00
30.00
9.00
5.00
19.00
40.00
28.00
15.00
8.00
9.00
12.00
15.00
47.00
13.00
9.00
17.00
7.00
46.00
6.00
4.00
20.00
6.00
9.00
7.00
14.00
28.00
12.00
8.00
29.00
14.00
22.00
34.00
7.00
10.00
25.00
6.00
25.00
10.00
11.00
12.00
8.00
8.00
9.00
24.00
11.00
38.00
87.00
23.00
5.00
32.00
18.00
8.00
13.00
13.00
13.00
18.00
30.00
9.00
15.00
35.00
13.00
36.00
4.00
21.00
20.00
25.00
10.00
30.00
8.00
19.00
31.00
10.00
14.00
14.00
9.00
13.00
4.00
8.00
6.00
13.00
14.00
22.00
27.00
7.00
7.00
5.00
8.00
11.00
10.00
42.00
14.00
24.00
17.00
3.00
19.00
11.00
11.00
22.00
26.00
21.00
14.00
7.00
35.00
15.00
19.00
10.00
10.00
26.00
15.00
3.00
7.00
10.00
41.00
11.00
21.00
10.00
18.00
5.00
12.00
5.00
8.00
42.00
8.00
17.00
4.00
10.00
7.00
8.00
6.00
10.00
13.00
14.00
9.00
14.00
23.00
10.00
9.00
24.00
4.00
5.00
17.00
3.00
6.00
5.00
13.00
11.00
10.00
7.00
20.00
8.00
7.00
39.00
15.00
6.00
18.00
41.00
9.00
17.00
5.00
34.00
9.00
17.00
24.00
7.00
13.00
10.00
6.00
32.00
4.00
11.00
26.00
14.00
15.00
8.00
29.00
18.00
11.00
30.00
10.00
9.00
8.00
19.00
6.00
35.00
8.00
7.00
18.00
8.00
15.00
12.00
10.00
14.00
5.00
12.00
7.00
4.00
21.00
7.00
31.00
5.00
14.00
6.00
33.00
18.00
8.00
12.00
5.00
32.00
13.00
6.00
14.00
9.00
8.00
9.00
21.00
8.00
12.00
17.00
5.00
16.00
6.00
5.00
8.00
5.00
7.00
21.00
5.00
9.00
22.00
9.00
9.00
7.00
13.00
7.00
19.00
19.00
7.00
16.00
23.00
11.00
7.00
8.00
3.00
10.00
11.00
22.00
39.00
5.00
7.00
8.00
8.00
6.00
14.00
27.00
50.00
3.00
12.00
5.00
13.00
11.00
5.00
16.00
5.00
13.00
12.00
20.00
34.00
27.00
9.00
8.00
8.00
9.00
12.00
22.00
8.00
5.00
10.00
7.00
25.00
13.00
6.00
6.00
24.00
11.00
16.00
9.00
22.00
30.00
5.00
14.00
19.00
26.00
12.00
12.00
16.00
7.00
14.00
8.00
5.00
11.00
21.00
19.00
11.00
12.00
5.00
11.00
19.00
23.00
9.00
25.00
16.00
19.00
6.00
14.00
13.00
11.00
5.00
13.00
5.00
8.00
10.00
9.00
7.00
9.00
10.00
5.00
14.00
10.00
5.00
23.00
9.00
12.00
13.00
15.00
6.00
9.00
15.00
8.00
11.00
9.00
11.00
33.00
19.00
7.00
7.00
22.00
8.00
7.00
10.00
26.00
4.00
21.00
13.00
9.00
3.00
38.00
23.00
11.00
13.00
9.00
8.00
6.00
12.00
40.00
6.00
8.00
4.00
9.00
3.00
2.00
7.00
8.00
28.00
14.00
10.00
3.00
9.00
15.00
29.00
19.00
39.00
11.00
9.00
11.00
4.00
9.00
2.00
9.00
14.00
7.00
13.00
19.00
14.00
12.00
10.00
9.00
21.00
6.00
11.00
8.00
9.00
15.00
9.00
9.00
9.00
17.00
10.00
12.00
5.00
5.00
9.00
15.00
6.00
18.00
16.00
8.00
14.00
2.00
1.00
9.00
7.00
18.00
24.00
19.00
14.00
14.00
7.00
18.00
5.00
12.00
9.00
12.00
4.00
13.00
15.00
13.00
10.00
11.00
36.00
16.00
8.00
2.00
10.00
3.00
8.00
8.00
7.00
10.00
44.00
3.00
58.00
9.00
9.00
3.00
9.00
13.00
6.00
10.00
11.00
17.00
10.00
7.00
21.00
20.00
10.00
4.00
11.00
10.00
14.00
13.00
21.00
14.00
5.00
11.00
4.00
5.00
25.00
20.00
20.00
11.00
11.00
9.00
5.00
9.00
5.00
24.00
13.00
24.00
7.00
9.00
37.00
38.00
5.00
9.00
9.00
23.00
31.00
5.00
40.00
8.00
12.00
2.00
10.00
12.00
27.00
15.00
9.00
30.00
12.00
48.00
14.00
8.00
5.00
7.00
11.00
7.00
4.00
15.00
10.00
8.00
20.00
4.00
9.00
5.00
16.00
4.00
4.00
2.00
5.00
10.00
2.00
4.00
32.00
42.00
