11.00
21.00
20.00
22.00
16.00
55.00
10.00
19.00
24.00
18.00
8.00
45.00
14.00
13.00
17.00
15.00
24.00
19.00
23.00
21.00
26.00
17.00
21.00
12.00
19.00
26.00
12.00
15.00
30.00
18.00
24.00
26.00
29.00
30.00
26.00
24.00
47.00
13.00
21.00
15.00
14.00
17.00
23.00
20.00
29.00
23.00
65.00
28.00
20.00
31.00
21.00
21.00
30.00
16.00
24.00
39.00
27.00
8.00
15.00
16.00
24.00
32.00
11.00
19.00
77.00
20.00
35.00
17.00
15.00
22.00
9.00
17.00
10.00
14.00
12.00
21.00
24.00
24.00
25.00
18.00
22.00
25.00
24.00
44.00
25.00
47.00
25.00
18.00
17.00
30.00
23.00
38.00
23.00
19.00
17.00
30.00
21.00
25.00
21.00
20.00
13.00
26.00
21.00
25.00
25.00
24.00
23.00
24.00
34.00
16.00
12.00
21.00
22.00
21.00
26.00
12.00
20.00
41.00
14.00
20.00
24.00
22.00
24.00
14.00
34.00
22.00
19.00
21.00
33.00
16.00
27.00
43.00
18.00
11.00
13.00
24.00
26.00
16.00
14.00
25.00
15.00
20.00
22.00
20.00
22.00
14.00
18.00
18.00
19.00
22.00
15.00
23.00
24.00
19.00
27.00
29.00
36.00
25.00
15.00
9.00
14.00
27.00
23.00
20.00
46.00
13.00
38.00
19.00
16.00
42.00
13.00
33.00
28.00
19.00
16.00
18.00
18.00
31.00
23.00
16.00
12.00
11.00
17.00
51.00
12.00
36.00
30.00
16.00
21.00
12.00
18.00
23.00
9.00
22.00
19.00
24.00
20.00
15.00
49.00
36.00
18.00
24.00
19.00
33.00
16.00
24.00
23.00
18.00
17.00
17.00
16.00
21.00
23.00
32.00
10.00
22.00
24.00
18.00
21.00
18.00
14.00
53.00
31.00
18.00
19.00
20.00
20.00
22.00
18.00
30.00
14.00
24.00
21.00
22.00
17.00
30.00
25.00
31.00
22.00
29.00
15.00
19.00
17.00
22.00
18.00
17.00
27.00
15.00
20.00
39.00
12.00
17.00
16.00
25.00
25.00
18.00
16.00
37.00
3.00
18.00
12.00
21.00
26.00
27.00
27.00
25.00
25.00
39.00
25.00
9.00
23.00
22.00
15.00
24.00
22.00
20.00
17.00
40.00
20.00
24.00
16.00
17.00
30.00
14.00
25.00
35.00
26.00
18.00
23.00
19.00
14.00
25.00
25.00
11.00
12.00
20.00
18.00
10.00
19.00
21.00
20.00
12.00
20.00
17.00
13.00
17.00
9.00
16.00
22.00
18.00
25.00
18.00
18.00
33.00
23.00
46.00
14.00
18.00
11.00
9.00
72.00
17.00
32.00
14.00
29.00
39.00
25.00
22.00
33.00
14.00
15.00
25.00
11.00
19.00
17.00
33.00
27.00
16.00
19.00
17.00
21.00
19.00
53.00
21.00
25.00
23.00
9.00
19.00
11.00
16.00
18.00
37.00
21.00
25.00
15.00
22.00
29.00
11.00
14.00
19.00
29.00
20.00
10.00
14.00
19.00
20.00
19.00
20.00
11.00
32.00
28.00
15.00
13.00
34.00
15.00
21.00
14.00
10.00
15.00
25.00
22.00
14.00
16.00
28.00
21.00
19.00
16.00
26.00
9.00
17.00
17.00
8.00
27.00
12.00
20.00
23.00
30.00
24.00
20.00
16.00
13.00
16.00
8.00
21.00
10.00
8.00
18.00
13.00
26.00
46.00
22.00
27.00
46.00
19.00
25.00
22.00
17.00
24.00
29.00
24.00
29.00
32.00
24.00
6.00
7.00
17.00
17.00
34.00
19.00
38.00
20.00
21.00
13.00
25.00
18.00
17.00
20.00
17.00
21.00
45.00
19.00
30.00
23.00
19.00
19.00
32.00
12.00
29.00
17.00
17.00
15.00
12.00
19.00
23.00
25.00
23.00
26.00
25.00
13.00
14.00
28.00
27.00
22.00
16.00
19.00
16.00
27.00
20.00
18.00
7.00
24.00
28.00
22.00
31.00
15.00
13.00
10.00
10.00
27.00
17.00
30.00
19.00
15.00
16.00
17.00
23.00
22.00
22.00
23.00
44.00
19.00
56.00
5.00
37.00
16.00
24.00
12.00
21.00
48.00
26.00
17.00
32.00
10.00
16.00
15.00
11.00
14.00
18.00
23.00
21.00
15.00
32.00
22.00
35.00
11.00
20.00
44.00
29.00
14.00
19.00
15.00
9.00
12.00
16.00
20.00
17.00
13.00
25.00
33.00
16.00
23.00
33.00
26.00
6.00
17.00
18.00
13.00
26.00
13.00
28.00
21.00
17.00
22.00
12.00
21.00
23.00
27.00
22.00
20.00
11.00
24.00
17.00
14.00
46.00
16.00
11.00
20.00
18.00
19.00
14.00
14.00
16.00
17.00
15.00
15.00
21.00
26.00
20.00
8.00
18.00
16.00
16.00
32.00
52.00
14.00
21.00
9.00
32.00
14.00
21.00
21.00
14.00
21.00
12.00
13.00
10.00
28.00
19.00
22.00
22.00
19.00
12.00
15.00
19.00
17.00
22.00
11.00
20.00
12.00
17.00
27.00
15.00
25.00
27.00
19.00
9.00
24.00
9.00
14.00
20.00
10.00
16.00
12.00
13.00
24.00
20.00
20.00
15.00
17.00
23.00
9.00
21.00
15.00
34.00
26.00
12.00
19.00
17.00
17.00
12.00
23.00
23.00
20.00
25.00
24.00
20.00
17.00
18.00
25.00
17.00
21.00
21.00
7.00
13.00
15.00
19.00
16.00
12.00
23.00
12.00
24.00
14.00
38.00
11.00
19.00
14.00
27.00
22.00
19.00
9.00
20.00
10.00
19.00
16.00
13.00
29.00
21.00
14.00
21.00
20.00
11.00
16.00
15.00
21.00
20.00
10.00
11.00
16.00
26.00
15.00
16.00
24.00
20.00
18.00
23.00
14.00
23.00
21.00
16.00
20.00
22.00
18.00
16.00
12.00
23.00
16.00
16.00
9.00
6.00
21.00
18.00
17.00
14.00
21.00
18.00
35.00
20.00
19.00
13.00
21.00
25.00
12.00
15.00
15.00
23.00
23.00
8.00
9.00
21.00
25.00
11.00
9.00
21.00
16.00
31.00
10.00
14.00
14.00
19.00
19.00
16.00
42.00
17.00
14.00
20.00
13.00
18.00
20.00
32.00
22.00
12.00
24.00
17.00
31.00
22.00
10.00
12.00
14.00
18.00
17.00
22.00
18.00
16.00
46.00
18.00
12.00
24.00
12.00
19.00
21.00
16.00
34.00
23.00
9.00
11.00
24.00
24.00
14.00
36.00
7.00
15.00
33.00
30.00
12.00
15.00
21.00
18.00
13.00
20.00
20.00
32.00
24.00
8.00
20.00
11.00
11.00
12.00
12.00
30.00
9.00
19.00
20.00
25.00
17.00
22.00
21.00
18.00
18.00
11.00
16.00
