31.00
39.00
12.00
13.00
9.00
16.00
4.00
5.00
12.00
21.00
33.00
13.00
22.00
7.00
22.00
25.00
10.00
14.00
9.00
8.00
51.00
38.00
18.00
10.00
10.00
19.00
7.00
11.00
6.00
13.00
26.00
4.00
7.00
13.00
5.00
20.00
7.00
24.00
11.00
5.00
12.00
29.00
8.00
15.00
9.00
11.00
13.00
18.00
14.00
5.00
7.00
25.00
24.00
27.00
5.00
14.00
12.00
40.00
21.00
7.00
9.00
17.00
11.00
12.00
11.00
14.00
27.00
10.00
11.00
18.00
24.00
7.00
45.00
7.00
11.00
25.00
12.00
12.00
22.00
4.00
6.00
6.00
19.00
10.00
21.00
8.00
17.00
11.00
10.00
8.00
26.00
9.00
9.00
24.00
13.00
19.00
14.00
33.00
6.00
9.00
10.00
17.00
10.00
3.00
13.00
16.00
12.00
24.00
9.00
9.00
13.00
10.00
13.00
21.00
34.00
42.00
15.00
12.00
14.00
4.00
30.00
9.00
37.00
4.00
11.00
6.00
3.00
25.00
7.00
5.00
8.00
6.00
10.00
14.00
19.00
12.00
26.00
10.00
11.00
18.00
26.00
30.00
18.00
12.00
16.00
8.00
7.00
27.00
20.00
2.00
55.00
8.00
14.00
13.00
39.00
14.00
22.00
14.00
4.00
12.00
8.00
7.00
28.00
26.00
11.00
8.00
12.00
7.00
12.00
11.00
18.00
15.00
7.00
6.00
34.00
8.00
5.00
4.00
18.00
19.00
17.00
9.00
22.00
10.00
8.00
35.00
3.00
10.00
28.00
6.00
8.00
9.00
6.00
24.00
10.00
8.00
12.00
8.00
9.00
39.00
11.00
16.00
3.00
8.00
17.00
28.00
9.00
12.00
14.00
29.00
12.00
5.00
3.00
12.00
17.00
30.00
60.00
33.00
83.00
23.00
18.00
19.00
23.00
6.00
14.00
9.00
6.00
4.00
8.00
6.00
13.00
15.00
9.00
10.00
10.00
5.00
5.00
13.00
5.00
13.00
7.00
9.00
9.00
9.00
7.00
31.00
32.00
8.00
12.00
25.00
14.00
27.00
13.00
18.00
20.00
8.00
8.00
9.00
8.00
8.00
6.00
13.00
25.00
15.00
14.00
8.00
4.00
16.00
16.00
8.00
9.00
17.00
12.00
8.00
3.00
16.00
6.00
14.00
43.00
11.00
15.00
35.00
10.00
12.00
9.00
11.00
13.00
16.00
11.00
8.00
24.00
47.00
11.00
6.00
9.00
22.00
16.00
20.00
16.00
9.00
4.00
58.00
7.00
13.00
8.00
8.00
7.00
4.00
43.00
14.00
18.00
6.00
35.00
44.00
8.00
29.00
7.00
2.00
8.00
24.00
11.00
7.00
7.00
10.00
14.00
8.00
28.00
8.00
5.00
8.00
30.00
20.00
10.00
8.00
5.00
12.00
8.00
2.00
31.00
15.00
26.00
5.00
20.00
9.00
5.00
6.00
7.00
7.00
7.00
25.00
19.00
14.00
7.00
18.00
8.00
12.00
8.00
4.00
5.00
9.00
14.00
3.00
6.00
4.00
10.00
7.00
13.00
10.00
19.00
7.00
8.00
9.00
8.00
4.00
15.00
6.00
13.00
14.00
24.00
8.00
7.00
19.00
8.00
5.00
6.00
9.00
16.00
8.00
5.00
22.00
3.00
10.00
10.00
15.00
5.00
8.00
19.00
8.00
29.00
18.00
6.00
12.00
5.00
7.00
14.00
26.00
36.00
4.00
20.00
8.00
9.00
10.00
5.00
7.00
7.00
4.00
9.00
12.00
28.00
8.00
9.00
4.00
31.00
10.00
9.00
3.00
13.00
11.00
24.00
32.00
10.00
6.00
30.00
10.00
8.00
13.00
17.00
7.00
24.00
5.00
5.00
6.00
7.00
6.00
9.00
8.00
8.00
36.00
5.00
6.00
20.00
7.00
9.00
17.00
13.00
9.00
10.00
7.00
10.00
6.00
12.00
5.00
9.00
8.00
7.00
23.00
8.00
70.00
10.00
13.00
11.00
9.00
31.00
28.00
6.00
25.00
7.00
6.00
8.00
11.00
6.00
17.00
8.00
5.00
18.00
4.00
11.00
7.00
8.00
6.00
6.00
13.00
6.00
10.00
11.00
8.00
7.00
5.00
4.00
20.00
62.00
5.00
7.00
7.00
10.00
2.00
5.00
3.00
7.00
17.00
9.00
9.00
8.00
11.00
21.00
15.00
5.00
7.00
25.00
11.00
12.00
10.00
7.00
2.00
4.00
4.00
10.00
6.00
13.00
3.00
9.00
9.00
25.00
7.00
19.00
10.00
42.00
23.00
10.00
6.00
9.00
6.00
6.00
6.00
5.00
11.00
6.00
12.00
9.00
15.00
6.00
34.00
38.00
6.00
5.00
20.00
7.00
11.00
12.00
3.00
6.00
4.00
8.00
8.00
19.00
11.00
19.00
9.00
9.00
12.00
11.00
5.00
9.00
4.00
35.00
29.00
5.00
5.00
24.00
6.00
11.00
2.00
7.00
5.00
15.00
9.00
5.00
11.00
8.00
6.00
11.00
6.00
14.00
6.00
23.00
14.00
5.00
21.00
5.00
25.00
4.00
7.00
12.00
5.00
2.00
12.00
4.00
19.00
10.00
5.00
10.00
9.00
10.00
22.00
3.00
29.00
14.00
8.00
3.00
6.00
6.00
7.00
29.00
16.00
7.00
10.00
10.00
17.00
13.00
4.00
18.00
8.00
7.00
8.00
8.00
6.00
16.00
6.00
4.00
11.00
3.00
12.00
11.00
11.00
11.00
9.00
7.00
7.00
7.00
7.00
5.00
6.00
39.00
24.00
17.00
30.00
8.00
3.00
4.00
7.00
32.00
2.00
7.00
20.00
4.00
8.00
7.00
19.00
14.00
4.00
2.00
3.00
9.00
17.00
7.00
5.00
13.00
4.00
22.00
8.00
26.00
1.00
15.00
3.00
5.00
4.00
4.00
7.00
10.00
19.00
9.00
16.00
15.00
3.00
17.00
15.00
5.00
12.00
8.00
10.00
21.00
3.00
22.00
19.00
13.00
4.00
26.00
44.00
4.00
9.00
17.00
13.00
14.00
9.00
2.00
10.00
7.00
3.00
8.00
19.00
21.00
7.00
3.00
17.00
12.00
3.00
6.00
9.00
3.00
3.00
9.00
10.00
7.00
6.00
5.00
42.00
8.00
35.00
11.00
15.00
19.00
6.00
16.00
29.00
7.00
15.00
14.00
7.00
13.00
4.00
5.00
6.00
7.00
5.00
37.00
9.00
11.00
2.00
3.00
3.00
3.00
10.00
9.00
7.00
15.00
6.00
17.00
10.00
9.00
9.00
8.00
9.00
5.00
9.00
1.00
11.00
4.00
5.00
6.00
6.00
16.00
6.00
7.00
8.00
2.00
3.00
6.00
15.00
8.00
3.00
7.00
14.00
7.00
5.00
7.00
3.00
2.00
5.00
5.00
1.00
