19.00
17.00
18.00
21.00
17.00
16.00
14.00
12.00
27.00
15.00
20.00
9.00
16.00
20.00
21.00
29.00
31.00
20.00
18.00
13.00
14.00
16.00
18.00
20.00
29.00
41.00
14.00
25.00
16.00
23.00
16.00
13.00
18.00
18.00
18.00
14.00
22.00
16.00
28.00
17.00
33.00
9.00
26.00
9.00
27.00
11.00
12.00
5.00
22.00
25.00
16.00
30.00
15.00
19.00
25.00
18.00
16.00
39.00
30.00
19.00
12.00
18.00
32.00
21.00
19.00
22.00
16.00
20.00
14.00
15.00
12.00
21.00
19.00
13.00
18.00
18.00
19.00
22.00
18.00
22.00
23.00
11.00
24.00
24.00
5.00
14.00
20.00
27.00
20.00
10.00
22.00
28.00
7.00
32.00
15.00
15.00
24.00
9.00
25.00
19.00
5.00
24.00
17.00
12.00
12.00
26.00
20.00
27.00
26.00
24.00
14.00
24.00
13.00
17.00
25.00
25.00
18.00
17.00
19.00
26.00
13.00
31.00
26.00
11.00
13.00
26.00
13.00
12.00
16.00
10.00
23.00
40.00
20.00
6.00
26.00
16.00
24.00
23.00
14.00
23.00
21.00
23.00
22.00
22.00
18.00
13.00
18.00
20.00
18.00
19.00
23.00
12.00
19.00
19.00
19.00
33.00
26.00
12.00
13.00
20.00
12.00
21.00
20.00
24.00
15.00
20.00
27.00
12.00
28.00
21.00
20.00
31.00
14.00
4.00
20.00
24.00
25.00
16.00
15.00
20.00
21.00
17.00
13.00
26.00
26.00
30.00
17.00
30.00
19.00
20.00
14.00
12.00
26.00
47.00
22.00
24.00
25.00
28.00
26.00
13.00
16.00
21.00
29.00
16.00
25.00
8.00
25.00
14.00
23.00
21.00
19.00
22.00
11.00
15.00
43.00
26.00
22.00
45.00
27.00
23.00
21.00
25.00
14.00
31.00
19.00
18.00
20.00
23.00
20.00
34.00
23.00
23.00
18.00
18.00
21.00
20.00
34.00
33.00
26.00
24.00
13.00
17.00
24.00
25.00
19.00
22.00
23.00
12.00
21.00
32.00
31.00
16.00
15.00
12.00
21.00
12.00
16.00
17.00
19.00
13.00
10.00
20.00
14.00
14.00
33.00
26.00
12.00
25.00
15.00
17.00
18.00
19.00
19.00
19.00
19.00
14.00
21.00
13.00
40.00
16.00
17.00
20.00
18.00
17.00
21.00
22.00
26.00
31.00
18.00
22.00
16.00
12.00
31.00
25.00
24.00
18.00
16.00
19.00
16.00
20.00
13.00
19.00
18.00
21.00
16.00
16.00
20.00
38.00
13.00
22.00
15.00
28.00
18.00
8.00
18.00
20.00
26.00
20.00
18.00
17.00
13.00
29.00
24.00
17.00
18.00
20.00
24.00
19.00
17.00
22.00
15.00
21.00
20.00
17.00
26.00
19.00
18.00
21.00
12.00
21.00
19.00
18.00
25.00
27.00
22.00
18.00
13.00
22.00
12.00
31.00
24.00
14.00
15.00
16.00
15.00
20.00
17.00
20.00
21.00
15.00
18.00
28.00
17.00
18.00
15.00
17.00
24.00
16.00
27.00
19.00
13.00
23.00
17.00
22.00
28.00
17.00
23.00
24.00
18.00
14.00
23.00
21.00
22.00
18.00
26.00
26.00
12.00
14.00
22.00
17.00
14.00
24.00
27.00
18.00
18.00
26.00
19.00
12.00
18.00
14.00
18.00
17.00
21.00
15.00
27.00
31.00
12.00
24.00
48.00
16.00
16.00
26.00
15.00
24.00
17.00
30.00
13.00
14.00
12.00
14.00
21.00
25.00
15.00
15.00
31.00
19.00
10.00
18.00
16.00
31.00
20.00
17.00
25.00
21.00
28.00
18.00
13.00
11.00
19.00
23.00
17.00
27.00
13.00
21.00
8.00
11.00
16.00
21.00
24.00
12.00
21.00
16.00
20.00
14.00
18.00
32.00
16.00
20.00
23.00
27.00
21.00
21.00
14.00
17.00
28.00
11.00
21.00
21.00
27.00
15.00
23.00
12.00
13.00
22.00
15.00
21.00
16.00
25.00
16.00
12.00
12.00
11.00
24.00
26.00
13.00
27.00
16.00
10.00
13.00
21.00
17.00
10.00
26.00
13.00
20.00
21.00
16.00
24.00
31.00
13.00
19.00
25.00
16.00
12.00
19.00
26.00
12.00
30.00
27.00
29.00
14.00
15.00
10.00
23.00
20.00
16.00
8.00
18.00
36.00
18.00
14.00
20.00
19.00
22.00
24.00
14.00
17.00
15.00
23.00
22.00
17.00
15.00
17.00
23.00
28.00
27.00
16.00
14.00
19.00
33.00
15.00
13.00
21.00
15.00
15.00
24.00
12.00
32.00
13.00
17.00
12.00
24.00
14.00
23.00
18.00
20.00
18.00
20.00
28.00
23.00
14.00
21.00
23.00
8.00
27.00
24.00
16.00
31.00
26.00
19.00
14.00
23.00
27.00
13.00
15.00
20.00
11.00
17.00
19.00
25.00
13.00
30.00
23.00
27.00
19.00
15.00
30.00
20.00
17.00
23.00
22.00
16.00
11.00
28.00
24.00
15.00
16.00
19.00
8.00
13.00
17.00
20.00
14.00
21.00
14.00
24.00
23.00
10.00
11.00
24.00
16.00
18.00
16.00
24.00
22.00
30.00
12.00
16.00
14.00
8.00
22.00
12.00
8.00
11.00
14.00
19.00
10.00
19.00
22.00
9.00
17.00
29.00
18.00
14.00
19.00
17.00
13.00
22.00
26.00
15.00
12.00
24.00
21.00
14.00
18.00
23.00
18.00
18.00
8.00
11.00
21.00
14.00
10.00
23.00
20.00
22.00
15.00
19.00
16.00
34.00
12.00
23.00
13.00
8.00
13.00
19.00
21.00
25.00
16.00
19.00
25.00
16.00
20.00
30.00
40.00
16.00
17.00
15.00
22.00
18.00
15.00
17.00
6.00
25.00
27.00
25.00
14.00
23.00
29.00
16.00
13.00
20.00
23.00
23.00
19.00
23.00
22.00
20.00
29.00
37.00
13.00
15.00
16.00
24.00
12.00
12.00
22.00
14.00
16.00
13.00
16.00
14.00
17.00
36.00
24.00
13.00
11.00
10.00
15.00
25.00
10.00
21.00
26.00
18.00
31.00
22.00
16.00
14.00
21.00
21.00
5.00
11.00
17.00
17.00
11.00
12.00
13.00
29.00
15.00
17.00
10.00
21.00
19.00
33.00
19.00
19.00
16.00
13.00
17.00
34.00
15.00
16.00
21.00
10.00
7.00
15.00
21.00
15.00
22.00
17.00
14.00
16.00
13.00
24.00
16.00
38.00
25.00
20.00
24.00
16.00
16.00
22.00
19.00
15.00
13.00
23.00
9.00
19.00
39.00
11.00
21.00
9.00
11.00
13.00
24.00
15.00
19.00
17.00
10.00
19.00
22.00
10.00
18.00
12.00
19.00
8.00
13.00
12.00
14.00
39.00
