13.00
5.00
5.00
16.00
11.00
24.00
7.00
7.00
13.00
22.00
12.00
8.00
17.00
9.00
54.00
2.00
10.00
4.00
9.00
13.00
6.00
4.00
10.00
10.00
8.00
8.00
6.00
9.00
30.00
20.00
3.00
13.00
13.00
7.00
11.00
10.00
14.00
13.00
11.00
6.00
16.00
15.00
11.00
16.00
6.00
62.00
12.00
7.00
39.00
18.00
10.00
11.00
5.00
7.00
8.00
5.00
8.00
11.00
6.00
15.00
9.00
4.00
7.00
10.00
9.00
16.00
28.00
17.00
11.00
14.00
10.00
5.00
11.00
10.00
9.00
6.00
10.00
15.00
4.00
4.00
9.00
11.00
23.00
18.00
13.00
8.00
8.00
9.00
4.00
6.00
15.00
12.00
9.00
11.00
9.00
7.00
6.00
6.00
8.00
20.00
11.00
8.00
11.00
5.00
12.00
15.00
9.00
8.00
7.00
6.00
3.00
13.00
5.00
7.00
4.00
10.00
5.00
6.00
8.00
15.00
11.00
5.00
12.00
9.00
8.00
8.00
9.00
11.00
13.00
10.00
3.00
11.00
6.00
11.00
20.00
9.00
15.00
13.00
19.00
10.00
2.00
18.00
4.00
21.00
5.00
4.00
10.00
2.00
4.00
9.00
4.00
6.00
12.00
10.00
10.00
7.00
5.00
19.00
8.00
8.00
16.00
11.00
12.00
11.00
18.00
14.00
12.00
2.00
10.00
10.00
14.00
8.00
10.00
3.00
17.00
7.00
8.00
6.00
14.00
9.00
12.00
7.00
7.00
11.00
7.00
17.00
8.00
5.00
29.00
10.00
9.00
8.00
5.00
16.00
11.00
15.00
17.00
14.00
20.00
7.00
8.00
9.00
12.00
5.00
11.00
10.00
12.00
8.00
11.00
7.00
10.00
8.00
4.00
12.00
27.00
11.00
10.00
7.00
7.00
8.00
9.00
6.00
6.00
3.00
7.00
7.00
43.00
11.00
8.00
7.00
9.00
9.00
6.00
8.00
4.00
8.00
18.00
6.00
12.00
6.00
6.00
3.00
14.00
6.00
6.00
4.00
11.00
16.00
4.00
9.00
3.00
12.00
5.00
8.00
13.00
8.00
15.00
15.00
5.00
16.00
11.00
12.00
13.00
18.00
6.00
8.00
6.00
10.00
11.00
5.00
8.00
6.00
6.00
7.00
30.00
18.00
6.00
4.00
5.00
9.00
4.00
11.00
20.00
10.00
14.00
19.00
18.00
7.00
4.00
15.00
8.00
11.00
21.00
5.00
12.00
7.00
11.00
4.00
6.00
6.00
3.00
10.00
5.00
4.00
19.00
3.00
10.00
5.00
10.00
7.00
9.00
10.00
11.00
4.00
12.00
10.00
7.00
16.00
4.00
11.00
8.00
4.00
3.00
6.00
10.00
9.00
17.00
6.00
11.00
16.00
11.00
7.00
13.00
6.00
8.00
2.00
8.00
6.00
4.00
7.00
7.00
9.00
16.00
10.00
17.00
10.00
12.00
11.00
11.00
4.00
4.00
7.00
12.00
10.00
4.00
7.00
13.00
3.00
7.00
7.00
5.00
15.00
8.00
6.00
5.00
3.00
5.00
12.00
7.00
4.00
9.00
11.00
8.00
4.00
5.00
10.00
6.00
14.00
6.00
15.00
4.00
6.00
9.00
6.00
9.00
8.00
6.00
5.00
5.00
13.00
7.00
5.00
10.00
18.00
7.00
7.00
8.00
15.00
17.00
10.00
6.00
4.00
5.00
5.00
5.00
2.00
5.00
12.00
6.00
3.00
7.00
15.00
7.00
9.00
4.00
15.00
6.00
6.00
6.00
11.00
7.00
9.00
11.00
9.00
8.00
13.00
6.00
10.00
8.00
11.00
9.00
8.00
8.00
5.00
8.00
15.00
7.00
11.00
9.00
13.00
10.00
12.00
11.00
10.00
3.00
5.00
8.00
11.00
10.00
4.00
5.00
3.00
2.00
12.00
4.00
13.00
5.00
7.00
8.00
12.00
8.00
7.00
9.00
6.00
10.00
6.00
5.00
6.00
14.00
13.00
5.00
4.00
11.00
8.00
4.00
9.00
9.00
5.00
3.00
5.00
12.00
5.00
7.00
8.00
4.00
5.00
10.00
10.00
6.00
10.00
8.00
5.00
24.00
5.00
7.00
16.00
1.00
4.00
4.00
13.00
10.00
5.00
4.00
9.00
8.00
8.00
7.00
8.00
8.00
7.00
4.00
22.00
3.00
8.00
3.00
7.00
7.00
5.00
7.00
10.00
5.00
5.00
6.00
16.00
7.00
3.00
6.00
5.00
17.00
4.00
5.00
5.00
13.00
13.00
8.00
13.00
13.00
5.00
7.00
5.00
2.00
9.00
12.00
10.00
16.00
10.00
3.00
5.00
6.00
12.00
13.00
6.00
4.00
8.00
3.00
19.00
3.00
10.00
8.00
13.00
7.00
7.00
5.00
12.00
5.00
9.00
8.00
19.00
14.00
6.00
7.00
12.00
7.00
4.00
19.00
5.00
11.00
13.00
14.00
7.00
9.00
3.00
6.00
7.00
5.00
2.00
13.00
10.00
4.00
2.00
8.00
8.00
2.00
6.00
10.00
10.00
11.00
3.00
11.00
14.00
5.00
11.00
6.00
5.00
9.00
5.00
7.00
11.00
6.00
5.00
13.00
4.00
7.00
5.00
10.00
10.00
6.00
6.00
13.00
7.00
4.00
2.00
15.00
9.00
5.00
2.00
4.00
7.00
6.00
5.00
4.00
9.00
6.00
16.00
8.00
6.00
4.00
7.00
9.00
10.00
7.00
3.00
5.00
14.00
3.00
2.00
10.00
5.00
5.00
4.00
6.00
8.00
4.00
7.00
9.00
8.00
3.00
2.00
15.00
11.00
4.00
7.00
6.00
3.00
5.00
3.00
5.00
16.00
4.00
3.00
9.00
8.00
4.00
8.00
3.00
3.00
9.00
6.00
6.00
8.00
15.00
18.00
10.00
4.00
5.00
3.00
19.00
9.00
5.00
3.00
4.00
8.00
3.00
11.00
8.00
6.00
5.00
3.00
1.00
5.00
5.00
7.00
8.00
21.00
13.00
8.00
5.00
10.00
5.00
2.00
4.00
3.00
5.00
19.00
4.00
5.00
7.00
6.00
6.00
13.00
3.00
8.00
7.00
8.00
6.00
11.00
10.00
3.00
5.00
3.00
6.00
7.00
6.00
5.00
13.00
4.00
5.00
4.00
7.00
6.00
5.00
4.00
4.00
9.00
15.00
2.00
17.00
4.00
3.00
6.00
7.00
9.00
6.00
4.00
4.00
13.00
8.00
43.00
10.00
4.00
10.00
3.00
3.00
8.00
3.00
9.00
7.00
5.00
11.00
12.00
9.00
6.00
6.00
12.00
7.00
4.00
2.00
10.00
3.00
9.00
6.00
12.00
4.00
9.00
16.00
11.00
8.00
8.00
9.00
3.00
6.00
6.00
4.00
5.00
7.00
8.00
6.00
6.00
13.00
8.00
