44.00
1.00
55.00
2.00
1.00
55.00
3.00
8.00
3.00
5.00
16.00
3.00
6.00
9.00
3.00
2.00
4.00
7.00
2.00
5.00
10.00
3.00
6.00
7.00
1.00
6.00
8.00
4.00
4.00
13.00
3.00
5.00
37.00
2.00
8.00
1.00
3.00
3.00
5.00
2.00
10.00
8.00
5.00
4.00
10.00
3.00
5.00
11.00
6.00
6.00
10.00
3.00
10.00
4.00
11.00
3.00
1.00
9.00
1.00
4.00
3.00
7.00
3.00
2.00
6.00
7.00
4.00
4.00
4.00
5.00
7.00
4.00
10.00
6.00
5.00
2.00
9.00
5.00
6.00
3.00
7.00
8.00
2.00
17.00
2.00
1.00
3.00
4.00
6.00
2.00
4.00
12.00
3.00
3.00
15.00
3.00
5.00
9.00
2.00
6.00
4.00
13.00
8.00
26.00
3.00
21.00
6.00
5.00
19.00
8.00
23.00
4.00
11.00
4.00
2.00
6.00
8.00
3.00
6.00
26.00
9.00
2.00
6.00
4.00
3.00
7.00
4.00
4.00
5.00
6.00
1.00
3.00
2.00
4.00
3.00
8.00
3.00
2.00
7.00
6.00
1.00
3.00
2.00
28.00
3.00
1.00
5.00
5.00
5.00
6.00
9.00
5.00
5.00
40.00
5.00
3.00
3.00
7.00
2.00
5.00
2.00
7.00
10.00
9.00
3.00
1.00
8.00
8.00
4.00
15.00
4.00
4.00
8.00
3.00
3.00
4.00
3.00
9.00
5.00
2.00
4.00
5.00
5.00
1.00
3.00
55.00
7.00
3.00
3.00
3.00
4.00
4.00
8.00
8.00
2.00
3.00
2.00
3.00
13.00
4.00
6.00
3.00
1.00
8.00
3.00
6.00
6.00
11.00
4.00
4.00
1.00
3.00
8.00
4.00
8.00
2.00
8.00
8.00
7.00
6.00
12.00
5.00
4.00
7.00
2.00
6.00
7.00
4.00
5.00
9.00
4.00
5.00
19.00
21.00
4.00
3.00
2.00
13.00
3.00
7.00
4.00
5.00
5.00
8.00
6.00
7.00
2.00
8.00
6.00
3.00
4.00
4.00
6.00
4.00
1.00
2.00
4.00
7.00
4.00
4.00
2.00
2.00
9.00
9.00
2.00
3.00
2.00
2.00
4.00
6.00
2.00
2.00
2.00
2.00
6.00
8.00
3.00
3.00
2.00
6.00
3.00
4.00
4.00
3.00
15.00
4.00
5.00
5.00
3.00
4.00
2.00
16.00
20.00
8.00
4.00
6.00
4.00
3.00
3.00
4.00
9.00
7.00
9.00
2.00
3.00
2.00
3.00
3.00
3.00
6.00
3.00
8.00
2.00
1.00
3.00
2.00
9.00
6.00
11.00
12.00
2.00
3.00
3.00
3.00
5.00
1.00
1.00
3.00
10.00
36.00
5.00
4.00
5.00
5.00
6.00
5.00
2.00
11.00
4.00
7.00
6.00
5.00
10.00
5.00
2.00
3.00
7.00
4.00
5.00
8.00
8.00
8.00
4.00
3.00
21.00
5.00
2.00
5.00
4.00
4.00
2.00
5.00
3.00
11.00
6.00
4.00
1.00
2.00
4.00
6.00
2.00
6.00
9.00
4.00
4.00
4.00
5.00
4.00
6.00
7.00
1.00
7.00
3.00
2.00
2.00
1.00
3.00
2.00
4.00
3.00
11.00
4.00
3.00
4.00
4.00
7.00
1.00
2.00
19.00
4.00
4.00
2.00
2.00
11.00
4.00
4.00
4.00
3.00
4.00
6.00
2.00
6.00
6.00
7.00
2.00
2.00
2.00
5.00
1.00
5.00
2.00
4.00
5.00
8.00
4.00
7.00
1.00
2.00
9.00
1.00
5.00
4.00
3.00
5.00
10.00
2.00
3.00
4.00
4.00
9.00
1.00
6.00
6.00
2.00
5.00
3.00
2.00
5.00
13.00
4.00
2.00
2.00
3.00
5.00
3.00
7.00
3.00
2.00
3.00
3.00
6.00
4.00
4.00
2.00
2.00
3.00
5.00
29.00
5.00
6.00
3.00
3.00
8.00
1.00
2.00
2.00
1.00
12.00
6.00
4.00
4.00
13.00
5.00
5.00
5.00
3.00
1.00
5.00
3.00
1.00
2.00
3.00
5.00
4.00
4.00
3.00
3.00
3.00
6.00
4.00
2.00
2.00
1.00
8.00
4.00
3.00
1.00
3.00
4.00
3.00
5.00
9.00
2.00
2.00
3.00
3.00
3.00
1.00
5.00
3.00
5.00
2.00
1.00
2.00
3.00
6.00
4.00
2.00
3.00
4.00
2.00
3.00
2.00
2.00
4.00
9.00
3.00
5.00
1.00
3.00
2.00
10.00
3.00
13.00
3.00
4.00
1.00
3.00
6.00
4.00
2.00
2.00
2.00
4.00
1.00
4.00
5.00
6.00
2.00
3.00
4.00
1.00
1.00
4.00
5.00
3.00
3.00
3.00
3.00
7.00
3.00
1.00
6.00
2.00
6.00
3.00
6.00
1.00
1.00
3.00
3.00
5.00
6.00
5.00
2.00
1.00
2.00
3.00
2.00
5.00
4.00
10.00
1.00
2.00
2.00
18.00
3.00
4.00
4.00
3.00
3.00
3.00
2.00
1.00
3.00
1.00
1.00
2.00
1.00
4.00
3.00
6.00
3.00
3.00
1.00
2.00
2.00
2.00
4.00
6.00
2.00
7.00
2.00
1.00
3.00
2.00
2.00
1.00
2.00
2.00
2.00
5.00
3.00
1.00
3.00
4.00
4.00
23.00
2.00
5.00
2.00
4.00
2.00
2.00
2.00
9.00
3.00
4.00
6.00
2.00
5.00
4.00
2.00
1.00
3.00
10.00
3.00
1.00
2.00
1.00
2.00
39.00
3.00
1.00
1.00
2.00
1.00
2.00
2.00
1.00
1.00
1.00
1.00
1.00
3.00
1.00
2.00
3.00
2.00
2.00
4.00
4.00
6.00
6.00
4.00
8.00
3.00
2.00
1.00
1.00
6.00
3.00
2.00
5.00
2.00
1.00
1.00
3.00
1.00
1.00
5.00
1.00
1.00
1.00
6.00
1.00
5.00
4.00
3.00
5.00
7.00
3.00
1.00
1.00
1.00
2.00
4.00
4.00
3.00
2.00
1.00
5.00
2.00
2.00
4.00
1.00
6.00
7.00
3.00
2.00
2.00
2.00
4.00
7.00
1.00
1.00
2.00
2.00
3.00
1.00
1.00
2.00
2.00
1.00
4.00
4.00
1.00
1.00
1.00
1.00
1.00
2.00
2.00
7.00
2.00
2.00
3.00
3.00
1.00
2.00
1.00
2.00
1.00
2.00
1.00
2.00
6.00
1.00
1.00
4.00
2.00
1.00
2.00
1.00
5.00
1.00
1.00
3.00
2.00
4.00
2.00
2.00
2.00
1.00
1.00
3.00
3.00
2.00
1.00
5.00
3.00
4.00
4.00
1.00
4.00
3.00
4.00
2.00
4.00
3.00
