2.00
12.00
24.00
1.00
3.00
1.00
1.00
1.00
4.00
16.00
2.00
1.00
1.00
1.00
1.00
6.00
1.00
2.00
4.00
4.00
2.00
1.00
2.00
1.00
2.00
1.00
1.00
2.00
16.00
2.00
1.00
2.00
1.00
8.00
1.00
2.00
1.00
3.00
2.00
1.00
4.00
2.00
9.00
1.00
3.00
3.00
9.00
2.00
1.00
2.00
1.00
1.00
2.00
1.00
3.00
1.00
6.00
1.00
6.00
1.00
1.00
4.00
1.00
1.00
2.00
5.00
9.00
1.00
1.00
2.00
1.00
4.00
3.00
1.00
10.00
4.00
2.00
3.00
6.00
2.00
8.00
1.00
3.00
2.00
2.00
2.00
1.00
1.00
1.00
1.00
1.00
2.00
2.00
1.00
5.00
10.00
7.00
1.00
1.00
1.00
1.00
3.00
1.00
1.00
1.00
1.00
1.00
2.00
1.00
2.00
1.00
1.00
1.00
3.00
1.00
2.00
1.00
13.00
1.00
2.00
2.00
1.00
2.00
2.00
1.00
2.00
2.00
1.00
1.00
1.00
11.00
2.00
2.00
3.00
2.00
1.00
1.00
1.00
6.00
1.00
1.00
1.00
5.00
1.00
1.00
2.00
1.00
1.00
1.00
1.00
5.00
7.00
2.00
2.00
21.00
1.00
1.00
1.00
3.00
1.00
1.00
4.00
1.00
3.00
1.00
2.00
1.00
1.00
5.00
2.00
1.00
6.00
7.00
1.00
2.00
1.00
2.00
1.00
4.00
1.00
1.00
1.00
1.00
3.00
1.00
1.00
1.00
1.00
1.00
1.00
1.00
2.00
2.00
2.00
1.00
2.00
1.00
1.00
2.00
2.00
4.00
2.00
3.00
1.00
1.00
1.00
1.00
2.00
2.00
1.00
1.00
1.00
1.00
1.00
1.00
1.00
1.00
3.00
1.00
1.00
1.00
1.00
2.00
1.00
3.00
1.00
2.00
1.00
1.00
1.00
1.00
8.00
10.00
2.00
1.00
3.00
1.00
1.00
1.00
1.00
1.00
4.00
1.00
1.00
2.00
2.00
1.00
2.00
1.00
1.00
1.00
1.00
1.00
1.00
1.00
1.00
1.00
1.00
2.00
2.00
7.00
2.00
3.00
1.00
1.00
2.00
1.00
1.00
1.00
4.00
1.00
1.00
1.00
1.00
1.00
2.00
1.00
1.00
1.00
5.00
1.00
1.00
1.00
1.00
1.00
2.00
1.00
1.00
5.00
1.00
1.00
1.00
3.00
2.00
2.00
1.00
1.00
1.00
1.00
1.00
2.00
1.00
1.00
1.00
1.00
1.00
1.00
1.00
1.00
1.00
2.00
1.00
1.00
2.00
1.00
1.00
1.00
1.00
2.00
2.00
1.00
1.00
1.00
1.00
2.00
3.00
1.00
1.00
2.00
1.00
5.00
1.00
4.00
1.00
1.00
1.00
1.00
3.00
1.00
2.00
1.00
4.00
6.00
1.00
1.00
1.00
3.00
1.00
1.00
1.00
1.00
1.00
1.00
1.00
1.00
1.00
1.00
2.00
1.00
2.00
1.00
1.00
1.00
1.00
1.00
1.00
1.00
1.00
3.00
1.00
2.00
1.00
1.00
1.00
1.00
1.00
7.00
1.00
1.00
1.00
1.00
1.00
1.00
1.00
1.00
1.00
1.00
1.00
3.00
1.00
1.00
1.00
1.00
1.00
1.00
1.00
1.00
1.00
1.00
16.00
1.00
1.00
1.00
1.00
1.00
1.00
1.00
1.00
1.00
1.00
1.00
1.00
1.00
1.00
1.00
1.00
1.00
3.00
1.00
1.00
1.00
1.00
4.00
1.00
1.00
1.00
1.00
1.00
1.00
1.00
1.00
1.00
1.00
1.00
1.00
1.00
1.00
7.00
1.00
1.00
1.00
1.00
1.00
1.00
1.00
1.00
1.00
1.00
1.00
1.00
1.00
1.00
1.00
1.00
1.00
2.00
2.00
1.00
1.00
1.00
1.00
2.00
1.00
2.00
1.00
1.00
1.00
1.00
1.00
1.00
1.00
5.00
1.00
1.00
4.00
5.00
1.00
1.00
1.00
1.00
1.00
1.00
1.00
1.00
1.00
1.00
5.00
1.00
1.00
1.00
1.00
1.00
1.00
1.00
1.00
1.00
1.00
1.00
1.00
1.00
12.00
1.00
1.00
1.00
1.00
1.00
1.00
2.00
1.00
1.00
1.00
1.00
1.00
1.00
1.00
1.00
1.00
1.00
1.00
1.00
1.00
1.00
7.00
1.00
1.00
1.00
1.00
1.00
1.00
1.00
1.00
1.00
1.00
1.00
1.00
1.00
1.00
1.00
1.00
1.00
4.00
2.00
1.00
1.00
1.00
1.00
1.00
1.00
1.00
1.00
1.00
1.00
1.00
1.00
1.00
1.00
1.00
1.00
1.00
1.00
1.00
1.00
1.00
1.00
3.00
1.00
7.00
1.00
1.00
1.00
1.00
1.00
1.00
1.00
1.00
1.00
1.00
1.00
1.00
1.00
1.00
1.00
1.00
1.00
1.00
1.00
1.00
1.00
1.00
1.00
1.00
1.00
1.00
1.00
1.00
1.00
2.00
1.00
1.00
5.00
4.00
1.00
1.00
1.00
2.00
1.00
1.00
1.00
1.00
1.00
1.00
1.00
1.00
1.00
1.00
1.00
1.00
1.00
1.00
1.00
1.00
1.00
1.00
1.00
1.00
1.00
1.00
1.00
1.00
1.00
1.00
1.00
1.00
1.00
3.00
1.00
1.00
1.00
1.00
2.00
1.00
1.00
1.00
1.00
1.00
1.00
1.00
6.00
1.00
1.00
1.00
1.00
3.00
1.00
1.00
1.00
1.00
4.00
1.00
1.00
1.00
1.00
1.00
1.00
1.00
1.00
1.00
1.00
1.00
1.00
1.00
1.00
1.00
1.00
1.00
1.00
2.00
1.00
1.00
1.00
1.00
1.00
1.00
1.00
1.00
1.00
1.00
1.00
1.00
5.00
1.00
1.00
1.00
1.00
1.00
1.00
1.00
1.00
1.00
2.00
1.00
1.00
2.00
1.00
1.00
1.00
1.00
1.00
1.00
1.00
1.00
1.00
1.00
1.00
1.00
1.00
1.00
1.00
1.00
1.00
2.00
1.00
1.00
1.00
1.00
1.00
1.00
1.00
1.00
1.00
1.00
1.00
1.00
1.00
1.00
1.00
1.00
1.00
1.00
1.00
1.00
4.00
1.00
1.00
1.00
1.00
1.00
1.00
2.00
1.00
1.00
1.00
1.00
2.00
1.00
2.00
16.00
1.00
1.00
1.00
1.00
1.00
1.00
3.00
1.00
1.00
1.00
1.00
1.00
1.00
1.00
1.00
1.00
1.00
1.00
1.00
1.00
1.00
1.00
1.00
1.00
2.00
2.00
1.00
1.00
1.00
1.00
1.00
1.00
1.00
1.00
1.00
1.00
1.00
1.00
1.00
1.00
1.00
1.00
1.00
