3.00
10.00
5.00
7.00
2.00
4.00
2.00
3.00
8.00
16.00
7.00
1.00
28.00
3.00
2.00
3.00
5.00
5.00
5.00
4.00
7.00
3.00
1.00
12.00
14.00
13.00
17.00
2.00
2.00
5.00
3.00
9.00
5.00
21.00
5.00
6.00
6.00
16.00
1.00
5.00
5.00
9.00
3.00
2.00
2.00
7.00
6.00
2.00
4.00
11.00
4.00
8.00
3.00
4.00
2.00
2.00
1.00
1.00
5.00
18.00
7.00
6.00
9.00
20.00
1.00
1.00
12.00
4.00
6.00
1.00
3.00
6.00
3.00
19.00
22.00
4.00
2.00
8.00
6.00
3.00
11.00
3.00
2.00
3.00
48.00
3.00
2.00
8.00
10.00
4.00
4.00
2.00
6.00
15.00
4.00
2.00
3.00
5.00
2.00
5.00
3.00
6.00
2.00
12.00
1.00
4.00
7.00
2.00
2.00
12.00
2.00
5.00
2.00
3.00
1.00
2.00
5.00
3.00
1.00
3.00
2.00
4.00
3.00
3.00
3.00
8.00
2.00
4.00
3.00
9.00
7.00
5.00
2.00
9.00
4.00
1.00
33.00
3.00
14.00
2.00
6.00
2.00
8.00
1.00
1.00
2.00
3.00
1.00
3.00
2.00
6.00
3.00
13.00
3.00
5.00
2.00
2.00
1.00
2.00
3.00
1.00
1.00
8.00
2.00
3.00
7.00
1.00
12.00
2.00
4.00
6.00
2.00
2.00
2.00
1.00
7.00
4.00
1.00
6.00
1.00
1.00
3.00
22.00
3.00
3.00
10.00
3.00
1.00
7.00
6.00
4.00
2.00
4.00
2.00
1.00
6.00
2.00
2.00
2.00
2.00
1.00
3.00
1.00
2.00
2.00
1.00
1.00
2.00
2.00
1.00
3.00
9.00
1.00
7.00
2.00
4.00
7.00
2.00
1.00
2.00
1.00
36.00
2.00
4.00
3.00
23.00
3.00
2.00
1.00
7.00
3.00
6.00
6.00
2.00
5.00
2.00
5.00
4.00
2.00
1.00
11.00
1.00
1.00
7.00
1.00
4.00
2.00
1.00
4.00
1.00
2.00
3.00
2.00
1.00
1.00
3.00
2.00
3.00
2.00
2.00
3.00
1.00
1.00
20.00
5.00
1.00
1.00
2.00
2.00
9.00
4.00
5.00
1.00
10.00
2.00
2.00
5.00
4.00
3.00
5.00
1.00
2.00
3.00
1.00
2.00
1.00
2.00
2.00
1.00
2.00
3.00
3.00
9.00
10.00
5.00
1.00
2.00
3.00
3.00
3.00
3.00
2.00
2.00
5.00
5.00
1.00
1.00
1.00
2.00
2.00
1.00
2.00
4.00
1.00
2.00
2.00
2.00
3.00
2.00
1.00
1.00
1.00
1.00
2.00
1.00
3.00
3.00
1.00
1.00
1.00
2.00
13.00
1.00
2.00
4.00
6.00
2.00
2.00
3.00
1.00
1.00
2.00
5.00
5.00
1.00
1.00
1.00
5.00
2.00
4.00
1.00
2.00
1.00
2.00
1.00
39.00
11.00
1.00
1.00
1.00
1.00
1.00
1.00
1.00
1.00
1.00
2.00
4.00
6.00
1.00
3.00
5.00
1.00
3.00
1.00
1.00
1.00
2.00
1.00
18.00
4.00
10.00
1.00
1.00
1.00
4.00
1.00
5.00
1.00
3.00
1.00
3.00
2.00
1.00
1.00
1.00
1.00
1.00
2.00
9.00
3.00
4.00
1.00
2.00
1.00
1.00
1.00
3.00
2.00
5.00
3.00
7.00
1.00
1.00
1.00
3.00
1.00
6.00
1.00
2.00
1.00
2.00
8.00
1.00
2.00
1.00
2.00
1.00
1.00
3.00
3.00
2.00
2.00
5.00
1.00
1.00
1.00
2.00
1.00
1.00
2.00
4.00
3.00
1.00
7.00
31.00
1.00
1.00
2.00
1.00
1.00
1.00
1.00
1.00
1.00
1.00
1.00
1.00
2.00
2.00
2.00
5.00
1.00
1.00
1.00
1.00
1.00
1.00
1.00
1.00
3.00
1.00
1.00
1.00
1.00
3.00
5.00
2.00
1.00
1.00
1.00
1.00
2.00
1.00
4.00
1.00
1.00
1.00
3.00
3.00
5.00
2.00
1.00
1.00
3.00
1.00
1.00
1.00
2.00
1.00
1.00
1.00
2.00
4.00
1.00
5.00
4.00
1.00
1.00
2.00
2.00
1.00
1.00
2.00
1.00
1.00
1.00
1.00
1.00
5.00
2.00
3.00
1.00
1.00
1.00
1.00
3.00
2.00
1.00
8.00
1.00
3.00
1.00
1.00
1.00
2.00
1.00
7.00
1.00
9.00
1.00
3.00
1.00
1.00
1.00
4.00
2.00
1.00
1.00
1.00
1.00
1.00
1.00
3.00
1.00
1.00
1.00
5.00
2.00
33.00
2.00
1.00
1.00
9.00
1.00
5.00
1.00
1.00
1.00
1.00
5.00
1.00
1.00
1.00
1.00
1.00
1.00
2.00
1.00
5.00
1.00
2.00
1.00
3.00
1.00
1.00
1.00
1.00
1.00
1.00
1.00
1.00
1.00
1.00
2.00
5.00
1.00
4.00
3.00
1.00
1.00
1.00
2.00
2.00
1.00
1.00
1.00
1.00
1.00
2.00
1.00
10.00
1.00
3.00
1.00
1.00
3.00
1.00
1.00
5.00
1.00
4.00
1.00
1.00
1.00
3.00
1.00
1.00
1.00
1.00
1.00
1.00
1.00
1.00
3.00
1.00
1.00
19.00
4.00
1.00
1.00
2.00
1.00
1.00
1.00
1.00
1.00
1.00
1.00
4.00
1.00
1.00
1.00
1.00
2.00
1.00
1.00
1.00
1.00
1.00
2.00
3.00
3.00
1.00
1.00
2.00
5.00
2.00
1.00
1.00
1.00
1.00
1.00
1.00
1.00
1.00
1.00
1.00
1.00
2.00
1.00
1.00
1.00
2.00
1.00
1.00
1.00
2.00
1.00
1.00
4.00
1.00
2.00
1.00
1.00
2.00
1.00
1.00
3.00
7.00
2.00
6.00
1.00
1.00
9.00
1.00
2.00
3.00
2.00
2.00
1.00
3.00
3.00
1.00
1.00
1.00
2.00
1.00
1.00
5.00
2.00
1.00
1.00
1.00
1.00
1.00
1.00
1.00
1.00
1.00
5.00
1.00
1.00
1.00
1.00
1.00
1.00
1.00
1.00
1.00
1.00
1.00
1.00
2.00
1.00
4.00
1.00
1.00
1.00
2.00
1.00
1.00
3.00
1.00
3.00
3.00
1.00
4.00
1.00
1.00
1.00
1.00
1.00
1.00
1.00
1.00
1.00
1.00
1.00
1.00
1.00
1.00
1.00
1.00
1.00
2.00
15.00
1.00
1.00
1.00
1.00
2.00
2.00
1.00
1.00
2.00
1.00
1.00
1.00
1.00
1.00
1.00
1.00
1.00
1.00
1.00
1.00
1.00
1.00
1.00
